0.91048314
0.93094494
0.92712607
0.91489036
0.94935148
0.93689875
0.96179684
0.90325574
0.95436658
0.92741301
0.92325251
0.92171459
0.89041336
0.92969641
0.93762709
0.94762144
0.93119455
0.95625271
0.96349905
0.95344566
0.9332918
0.93400765
0.90424223
0.88083793
0.95285302
0.91278194
0.94216107
0.93935539
0.92806882
0.91476345
0.92149922
0.91910605
0.95420898
0.94011745
0.94976109
0.93041142
0.92416672
0.95042328
0.91585394
0.94394191
0.96778395
0.94255722
0.89970178
0.88738172
0.92406387
0.93285317
0.9629062
0.89103515
0.91242047
0.93584059
0.92780663
0.92214211
0.91677004
0.92661439
0.93319872
0.91213194
0.91606376
0.92816283
0.90571095
0.94734385
0.92421141
0.93852583
0.97839439
0.91898719
0.89837556
0.93488685
0.9272032
0.90362648
0.92391429
0.94518848
0.9390236
0.92538292
0.94331758
0.91475242
0.95310884
0.91991571
0.94853711
0.92177136
0.94599932
0.92398825
0.94367582
0.91097672
0.88294055
0.93400822
0.89950018
0.9372037
0.92113003
0.91969869
0.97495778
0.92424548
0.90156013
0.9437491
0.94535405
0.93462944
0.91167932
0.93469567
0.93771757
0.91873625
0.96601276
0.95816371
0.94502232
0.88461661
0.93648564
0.92585264
0.96388757
0.90189903
0.91659459
0.91383001
0.92732509
0.90621584
0.91773151
0.9423714
0.96039632
0.90264568
0.92064342
0.95321409
0.92860857
0.91691121
0.91259334
0.94909526
0.94469572
0.93163679
0.92770739
0.95648703
0.92267683
0.93223799
0.93245484
0.93279719
0.92232689
0.95018116
0.93978464
0.95769681
0.92685822
0.93693662
0.94458286
0.91896349
0.93656911
0.92205332
0.92641778
0.92194383
0.92615433
0.93858079
0.94380058
0.91832792
0.92989276
0.9515117
0.90125605
0.91865109
0.93906502
0.90814486
0.94741267
0.95197275
0.93600858
0.96128135
0.97084345
0.95941586
0.9269168
0.94604708
0.93363523
0.931053
0.89136095
0.95623196
0.94267216
0.91750699
0.94612733
0.93844224
0.91499434
0.95169189
0.92141002
0.9273508
0.9339683
0.94990347
0.94889722
0.91014343
0.92285322
0.94247968
0.90551705
0.92787864
0.93206371
0.93130041
0.95878112
0.96336957
0.89122996
0.91767447
0.93451056
0.97335642
0.93399135
0.90328626
0.9561998
0.93808235
0.93201755
0.98207928
0.92653388
0.91518518
0.94367717
0.91114421
0.94143122
0.91071734
0.92340634
0.91476396
0.93776235
0.98734547
0.92303827
0.97790845
0.95547624
0.9539004
0.95844269
0.92619163
0.9428993
0.96731622
0.91366406
0.92933486
0.90765503
0.93129391
0.90563282
0.95145771
0.94701926
0.97294585
0.94206811
0.96160303
0.93744227
0.93399545
0.91351798
0.91497941
0.92594222
0.95696867
0.91300076
0.92488596
0.92883221
0.89346206
0.95207865
0.93073682
0.94275274
0.94863968
0.9264397
0.92200374
0.95126189
0.94080078
0.95594579
0.88145482
0.95021852
0.9254649
0.91429894
0.92660888
0.95530592
0.89635157
0.89363161
0.91691168
0.94833902
0.9584983
0.9457879
0.89925851
0.94163207
0.96720499
0.97536859
0.95051495
0.92261881
0.911703
0.93915606
0.94971842
0.92969863
0.91009911
0.90704966
0.93076515
0.90647673
0.96748842
0.96568303
0.9429733
0.95375605
0.90551163
0.9144073
0.93717089
0.90322202
0.92193167
0.92919443
0.95354805
0.9447771
0.90378038
0.91643003
0.90609118
0.96526712
0.96611663
0.93149956
0.91990583
0.92619687
0.95183605
0.90863069
0.90932528
0.92147435
0.94219857
0.9402363
0.94939203
0.92409633
0.94624764
0.99165019
0.94999476
0.89459974
0.94347391
0.95693354
0.9511288
