0.66697522
0.69326881
0.71109701
0.74884706
0.73916165
0.69680234
0.69137222
0.72537329
0.72225844
0.7474603
0.78225345
0.75607968
0.68145222
0.70068158
0.7228777
0.64882722
0.76817601
0.67617128
0.72001147
0.70725691
0.69937044
0.73219341
0.6767152
0.74779831
0.67762813
0.76110788
0.68872319
0.68578329
0.76865931
0.72819597
0.7488465
0.71208047
0.69920244
0.75973796
0.69587503
0.74270322
0.72327802
0.71438112
0.76229591
0.78032539
0.75097908
0.69443425
0.71428571
0.73391271
0.70658971
0.74059312
0.70325421
0.70427914
0.70194775
0.70600253
0.74364783
0.69629383
0.72599378
0.62328684
0.71247835
0.73792138
0.73976911
0.72511853
0.70547366
0.74075214
0.75646191
0.68087123
0.72883527
0.7727691
0.68703807
0.73876345
0.74829389
0.69224214
0.71861235
0.72532365
0.7138387
0.73551904
0.73025501
0.7450682
0.71826092
0.71289104
0.68207508
0.7893112
0.72306805
0.72030862
0.69628697
0.6879904
0.75802703
0.76079261
0.72033987
0.71552546
0.72594221
0.67740251
0.73675263
0.68079433
0.67033224
0.75818619
0.76005971
0.69342643
0.67446187
0.70197744
0.74808673
0.73023576
0.72505481
0.65886916
0.73293292
0.73926607
0.74299605
0.72185175
0.73277319
0.73811825
0.74589163
0.7043432
0.69375222
0.64932223
0.74869572
0.73947299
0.73290284
0.77072095
0.74046734
0.67223633
0.72195332
0.70851293
0.74092003
0.69536055
0.74252051
0.719831
0.77126721
0.70541942
0.73808704
0.66530547
0.76643489
0.70913726
0.72621411
0.72390532
0.7386319
0.67778436
0.72213266
0.69906627
0.76500931
0.69240653
0.70935317
0.71610077
0.71050039
0.68561047
0.72796009
0.71782616
0.70300291
0.66435456
0.75869617
0.7256122
0.73287299
0.69804061
0.75593153
0.74629984
0.63576179
0.67250903
0.70991867
0.66980062
0.70630193
0.70386353
0.73039333
0.76444849
0.69773029
0.74400411
0.66687755
0.69874346
0.66914122
0.68526386
0.68794602
0.72614477
0.74322416
0.76362022
0.65109067
0.71313917
0.6846186
0.72427603
0.71430063
0.76339182
0.70630779
0.71208583
0.66925591
0.7006648
0.61769313
0.71828741
0.70311032
0.79427
0.70250788
0.76704256
0.70112278
0.73420632
0.7519872
0.73373586
0.76630466
0.69201662
0.73555194
0.73828886
0.70553491
0.69836846
0.74000116
0.6911148
0.73466305
0.75863143
0.6744648
0.74534929
0.69335702
0.70729607
0.69078785
0.78312281
0.74273342
0.69325671
0.74381364
0.72480938
0.70364678
0.74400367
0.65648158
0.7260091
0.67188832
0.65029561
0.7455882
0.72431586
0.68512539
0.72148036
0.71487218
0.72036578
0.65455297
0.72886559
0.69952525
0.74925832
0.71045303
0.76041575
0.68809092
0.7063533
0.73668842
0.70832095
0.72188676
0.7653113
0.69053595
0.6922799
0.68815829
0.73241295
0.69896013
0.75393243
0.71808484
0.69493076
0.74472202
0.66875599
0.73153287
0.70440435
0.76929403
0.68122333
0.67876717
0.6838721
0.68937175
0.69882507
0.70278493
0.64852426
0.75662227
0.69301413
0.68433141
0.6354186
0.7719876
0.69695039
0.67095616
0.75046604
0.72726302
0.73808781
0.71247775
0.71233233
0.69438047
0.69273893
0.68929427
0.77070272
0.74207511
0.67058341
0.70410798
0.64399299
0.73078579
0.72389427
0.75354879
0.74515509
0.72524625
0.70832064
0.66117895
0.70148164
0.72040411
0.71291845
0.7231077
0.66987393
0.72244401
0.75018416
0.68115733
0.74716306
0.71361961
0.68373176
0.66950265
0.66675759
0.70457448
0.74659497
0.74277089
0.67526051
0.70260262
0.70629256
0.70422362
0.6994507
