0.50619676
0.4502258
0.44892728
0.45013001
0.46407081
0.51567431
0.50025936
0.49865765
0.47974864
0.42686801
0.48438671
0.49821437
0.42525645
0.48977167
0.51604341
0.46537846
0.47031925
0.5008609
0.53208357
0.49439632
0.48849325
0.50627227
0.52145616
0.44885794
0.47515708
0.50630329
0.47156793
0.48318095
0.47450004
0.51975425
0.47372139
0.50262006
0.46251748
0.50183311
0.48698356
0.47865021
0.4855874
0.50794427
0.45099932
0.48603989
0.46282832
0.46067976
0.51117198
0.48553141
0.49681192
0.45860638
0.51131908
0.48800246
0.55004417
0.48264399
0.47611521
0.46997957
0.45416795
0.5167893
0.46974524
0.50701978
0.46612386
0.48657119
0.45155529
0.44925556
0.49968517
0.46237901
0.44266166
0.44930903
0.45581951
0.52537095
0.49703872
0.54121702
0.47446254
0.43279023
0.4504046
0.49225085
0.4649883
0.54532747
0.50198983
0.4632293
0.40796249
0.43587886
0.49403274
0.51059309
0.47925539
0.49949306
0.45145824
0.49424957
0.4608607
0.48941027
0.41542432
0.42746696
0.50066389
0.49500852
0.50686476
0.4937477
0.45738051
0.50187245
0.48847461
0.50512677
0.47619871
0.51469355
0.40085068
0.45332307
0.47753213
0.42728197
0.38135915
0.44108185
0.50365979
0.47589269
0.48310046
0.47804017
0.45321485
0.44964818
0.45537166
0.48061245
0.5089897
0.47457375
0.46403234
0.49481837
0.50624343
0.45366531
0.51969105
0.4994601
0.44298693
0.48903216
0.45499449
0.44634815
0.48292954
0.52584992
0.42063845
0.47478734
0.48927721
0.50807501
0.49172185
0.45786925
0.50972024
0.45194208
0.50567341
0.47913848
0.52087184
0.49609582
0.44763861
0.51100402
0.49158044
0.54524065
0.37883423
0.49771032
0.46007125
0.49358198
0.48981171
0.51738901
0.47362774
0.53149424
0.53259223
0.45405472
0.47716893
0.5031296
0.47871653
0.4963568
0.45730646
0.44183933
0.5144591
0.39902407
0.42802161
0.53519697
0.53523898
0.48655907
0.42597094
0.48231909
0.47544664
0.46063778
0.51737386
0.51775631
0.48427729
0.43107516
0.4905735
0.45306798
0.47801259
0.44300261
0.47027904
0.5136903
0.49501611
0.47612957
0.40912571
0.50028294
0.45087473
0.41531126
0.48519351
0.47368486
0.48186518
0.44130127
0.46190361
0.45546448
0.45514939
0.42262929
0.40784667
0.49459626
0.54399632
0.46217919
0.46660792
0.51544707
0.51638009
0.44295914
0.45563023
0.46952503
0.49444039
0.48393819
0.50663844
0.47052133
0.51547184
0.50749524
0.51253194
0.45108549
0.50162837
0.40422324
0.4938846
0.53654047
0.46019824
0.52271859
0.44641627
0.45596779
0.48606278
0.45774903
0.4696224
0.51271283
0.48138937
0.51500149
0.48356561
0.50196362
0.49032262
0.49462047
0.46942163
0.48488014
0.47941749
0.50072446
0.45677232
0.457449
0.44883746
0.52025759
0.45750755
0.46057332
0.50815783
0.47147896
0.48923535
0.58894103
0.46423866
0.47169762
0.46899684
0.47195921
0.5185208
0.50263558
0.40414952
0.47756989
0.51110281
0.46218435
0.44010496
0.46551776
0.49596717
0.51411412
0.43488667
0.48600602
0.49485767
0.49883239
0.48187426
0.50943766
0.42146416
0.43528493
0.40643792
0.51023535
0.46237264
0.50292076
0.4952216
0.51053657
0.48052494
0.47509024
0.46518781
0.46720044
0.50551969
0.47195919
0.39735958
0.4617695
0.36331516
0.45302358
0.50627231
0.46640812
0.48571468
0.41942736
0.50025246
0.42239991
0.47243207
0.48417375
0.46641227
0.4555635
0.50569439
0.42687005
0.4771178
0.4953023
0.49429914
0.50069589
0.47834447
0.46726445
0.56252166
0.45170498
