1.09542985
1.11285442
1.10007859
1.11563815
1.12090458
1.08804506
1.10332639
1.13540056
1.13927792
1.11320925
1.13178421
1.08981442
1.10507426
1.09308338
1.08306506
1.09444274
1.09600646
1.08998223
1.09661784
1.09793779
1.10097764
1.11705289
1.10984984
1.10935435
1.07525933
1.10345615
1.10938141
1.06911845
1.08807631
1.08020343
1.10742633
1.08125115
1.11663115
1.04594859
1.11295054
1.12206242
1.07744852
1.08097212
1.10902801
1.05299594
1.07877575
1.09724505
1.09327809
1.10117743
1.12626758
1.0756473
1.08336223
1.12626737
1.05274601
1.1505535
1.10744241
1.09731937
1.09353126
1.10309634
1.1077698
1.10054433
1.11359645
1.14018838
1.04356612
1.06818361
1.07185605
1.05890683
1.09702622
1.0910714
1.07868022
1.05600878
1.07691934
1.1148574
1.06491505
1.09414733
1.09289019
1.09458245
1.11511627
1.08537277
1.04597215
1.09677005
1.09098297
1.09077774
1.07516626
1.12985189
1.0896574
1.12861998
1.08669049
1.15557763
1.11175545
1.09990433
1.1167087
1.09408072
1.07898436
1.0820146
1.07368065
1.11453531
1.01950251
1.07889873
1.0888073
1.1159526
1.10398055
1.07067666
1.08758512
1.12620241
1.07533668
1.06605693
1.12370008
1.09732166
1.06065487
1.10883838
1.06683203
1.10364978
1.09749873
1.11197009
1.13069741
1.10580542
1.11526627
1.1127398
1.11951223
1.11496159
1.12811636
1.08617131
1.08282188
1.09160134
1.1122569
1.12642419
1.13352669
1.08777804
1.11969161
1.11258807
1.10866014
1.11444046
1.12405464
1.08993061
1.1235378
1.08624954
1.09324885
1.08282573
1.12855066
1.09206504
1.1160319
1.138658
1.06535351
1.10958424
1.110578
1.10302066
1.09744657
1.08830953
1.08718593
1.09853661
1.09769278
1.11755188
1.14411348
1.07836499
1.07010865
1.11457557
1.10104962
1.08459006
1.10818552
1.10900534
1.05685259
1.07848045
1.09513047
1.10896524
1.06723388
1.06750449
1.08870527
1.0744906
1.11992332
1.09175841
1.08249497
1.09417515
1.09007217
1.0742289
1.11982223
1.0827575
1.10079919
1.12774912
1.09869499
1.09707771
1.08202051
1.11982369
1.0855391
1.11934268
1.12578411
1.1202823
1.05468397
1.08633744
1.10111034
1.1333278
1.13695063
1.12231164
1.07076251
1.09645016
1.10792205
1.11377761
1.11275132
1.1102762
1.1326746
1.1185902
1.08405099
1.08538951
1.0774452
1.07455879
1.13233828
1.10880068
1.11015662
1.10073229
1.06932657
1.10655659
1.11701899
1.13968428
1.07295717
1.07678935
1.10017959
1.1155785
1.14160433
1.10038231
1.07817622
1.09277848
1.10822537
1.09798429
1.08985763
1.08764509
1.08735738
1.13369938
1.08910532
1.13088381
1.13602753
1.10655612
1.03760569
1.1345921
1.06208649
1.10910629
1.12697702
1.06325528
1.05889356
1.09031026
1.09464709
1.10056856
1.10121482
1.10962996
1.10302857
1.10239996
1.10404301
1.06087916
1.08890998
1.07228614
1.11978667
1.11214148
1.13198267
1.12427537
1.11702136
1.11007478
1.09452769
1.07454816
1.08200603
1.12692257
1.11376276
1.10537411
1.09475948
1.11146661
1.11239262
1.07922313
1.0892002
1.08147638
1.09639118
1.09410111
1.0566259
1.14175569
1.09583079
1.10726411
1.09359023
1.11447314
1.12865511
1.11777475
1.12526142
1.08883037
1.059714
1.10521375
1.10359113
1.11340496
1.12691176
1.10990323
1.12865336
1.07381856
1.12366736
1.08603747
1.10822044
1.12551051
1.0980959
1.08310002
1.09746653
1.0693322
1.08298421
1.13143254
1.09382512
1.11696372
1.11401459
1.09840591
1.08222678
1.08404551
1.11578673
1.10172922
