1.12331656
1.12113422
1.15148452
1.12758687
1.11379608
1.1124512
1.12552384
1.11082856
1.10875288
1.11665998
1.08449303
1.14286936
1.09753517
1.10147053
1.13732904
1.07761758
1.10788687
1.08120959
1.12061319
1.09480728
1.12017249
1.10769532
1.11198523
1.10755417
1.10073162
1.12458268
1.11102137
1.09054219
1.0960996
1.11550065
1.09213226
1.08859093
1.12451097
1.12105931
1.13929549
1.11803945
1.04874671
1.08956192
1.08549924
1.10483391
1.06360479
1.10277917
1.0792891
1.10830044
1.09949047
1.11933197
1.11849567
1.15235021
1.10016019
1.08691876
1.09439061
1.13645277
1.12365257
1.13009932
1.09428484
1.12886601
1.08260614
1.08914035
1.08575766
1.12004633
1.08873327
1.12332451
1.07900329
1.08857641
1.08579169
1.13448808
1.07221081
1.07107933
1.15682732
1.10598492
1.11614119
1.08537481
1.08217844
1.12642267
1.10494468
1.1168251
1.12661471
1.10349064
1.05755417
1.08661513
1.10065584
1.14268971
1.12499964
1.12908522
1.0972092
1.11670317
1.09820902
1.09987761
1.10809578
1.1143124
1.1300747
1.12056769
1.09314292
1.12095156
1.11894521
1.14120827
1.11330658
1.09101189
1.07594644
1.11012516
1.12246563
1.11043026
1.08218005
1.11089771
1.13291041
1.16153693
1.08513945
1.11749699
1.14925567
1.0948845
1.11884931
1.11561871
1.11099655
1.15588373
1.09816569
1.11089068
1.08102254
1.10808766
1.0848873
1.11475113
1.11457718
1.09250671
1.09149531
1.0955516
1.08288061
1.11746764
1.12670761
1.10028016
1.08908803
1.12932032
1.15360628
1.15509917
1.10823643
1.0943245
1.07205007
1.13364675
1.11231028
1.10836635
1.11949786
1.12209604
1.10328597
1.12870649
1.07468184
1.14623913
1.12639451
1.1263713
1.14511152
1.11575249
1.11491631
1.16025646
1.09294163
1.11634294
1.10360333
1.11118999
1.10038009
1.07478513
1.09563083
1.14948778
1.12305212
1.12984281
1.08178898
1.11269878
1.0676299
1.06776411
1.11712705
1.11255538
1.1226506
1.11843851
1.0771138
1.13195206
1.09082717
1.06245788
1.09299531
1.11046878
1.08954068
1.09157481
1.11405278
1.11746906
1.12417022
1.08516713
1.14225221
1.0937157
1.12851677
1.14918263
1.09198372
1.12496132
1.11208957
1.09441177
1.12116674
1.1014993
1.10493053
1.12078842
1.09420238
1.1024825
1.1186826
1.11787049
1.12923365
1.10449076
1.13164802
1.09379062
1.10542222
1.10632286
1.13751434
1.0862344
1.08896662
1.06747331
1.1144413
1.10213566
1.1132918
1.16033513
1.10616967
1.10695535
1.12739954
1.06629429
1.09343482
1.11039229
1.08770417
1.09958298
1.1352126
1.14612105
1.10885874
1.0954998
1.08289166
1.10921156
1.13093942
1.13247341
1.13093126
1.11359819
1.09868541
1.10724032
1.08927069
1.1337504
1.13593803
1.12247734
1.13253897
1.08325361
1.09703047
1.08588917
1.09193071
1.12705798
1.08419612
1.11779192
1.1196989
1.10413771
1.07982856
1.09107055
1.10089959
1.10966628
1.07650042
1.15616171
1.08716495
1.08285087
1.11069132
1.11496678
1.15534135
1.13959853
1.12493249
1.10113728
1.1038038
1.12349585
1.08830327
1.10562623
1.11663436
1.10730343
1.14280767
1.1148591
1.09263269
1.13035919
1.13062692
1.10534576
1.08087705
1.12519511
1.09722821
1.1430081
1.07506337
1.10457787
1.11216896
1.11742222
1.06727218
1.08749589
1.12059118
1.09935293
1.10222476
1.1324011
1.13799897
1.10849345
1.09436278
1.09121867
1.13182689
1.08679795
1.1107503
1.12120652
1.12299139
1.10909471
1.09266598
1.12913293
1.06964223
1.09348598
1.09438808
1.0966544
