0.5543927
0.49942691
0.50163074
0.50563336
0.54725919
0.5158505
0.55101555
0.5644698
0.50558699
0.49887262
0.52865148
0.485587
0.4998595
0.47763348
0.52355683
0.52881466
0.5057991
0.4975046
0.42832775
0.53149596
0.52293931
0.51176156
0.58420764
0.54687378
0.49376402
0.5147124
0.54212884
0.4702863
0.51643382
0.52195733
0.55068507
0.56222371
0.49279298
0.49949178
0.52338892
0.46844159
0.44340526
0.48011993
0.51721693
0.53111559
0.57070725
0.49664557
0.48535851
0.53027796
0.51791979
0.50836487
0.5729597
0.50462094
0.47288222
0.48129553
0.51817611
0.48780766
0.53185204
0.55051844
0.53237631
0.49769813
0.46622128
0.53528775
0.50899274
0.53961902
0.56973678
0.48708176
0.45314372
0.50788722
0.54361419
0.55462479
0.50999717
0.48219169
0.48036401
0.48012382
0.52261734
0.52777459
0.52078803
0.52331107
0.47719227
0.49947385
0.51803758
0.54938424
0.49452251
0.52772101
0.54542481
0.53974439
0.51230817
0.52942703
0.53016496
0.50187011
0.52070923
0.52147691
0.50326985
0.49202509
0.53779481
0.52383525
0.49837868
0.48502759
0.48144318
0.52620388
0.48420163
0.49572391
0.50966996
0.51621228
0.49850871
0.51933991
0.5127001
0.52724371
0.5463634
0.52300861
0.50238723
0.44921366
0.47392656
0.52442657
0.52218809
0.53298536
0.48670061
0.54235984
0.51931493
0.54770149
0.54150383
0.48790823
0.50067171
0.50035948
0.52965945
0.50251985
0.52153861
0.50750371
0.53481097
0.50215181
0.50421915
0.51424212
0.54368258
0.51423519
0.53153767
0.52263227
0.48825074
0.54021597
0.4955836
0.5255832
0.50462217
0.51417644
0.43293923
0.49950904
0.49780758
0.55036942
0.50595376
0.50298241
0.51309533
0.51042565
0.53707184
0.54615994
0.52915333
0.46825301
0.47986481
0.54229632
0.49002347
0.51849396
0.53688271
0.5179058
0.47923006
0.50893051
0.52567291
0.54016637
0.4876536
0.50969493
0.48693536
0.50184304
0.5602489
0.48340109
0.53279586
0.50855184
0.5082879
0.45204504
0.44892682
0.53396367
0.58114412
0.50476266
0.49949914
0.49071715
0.52128438
0.46958629
0.53245447
0.52085688
0.49072605
0.52371349
0.53707314
0.48329867
0.541837
0.54767579
0.48398032
0.50464634
0.46772887
0.50101738
0.51458802
0.50545726
0.53331419
0.47935725
0.54119166
0.54143679
0.5457548
0.52528907
0.55756693
0.55355339
0.5268292
0.52310136
0.53500828
0.47954493
0.53940639
0.49759769
0.50978782
0.4987088
0.54492187
0.55493876
0.44498209
0.47674859
0.48585058
0.49696751
0.53572416
0.5124691
0.50778554
0.49244037
0.4688437
0.47594767
0.54794765
0.51977751
0.53599916
0.54605856
0.46355197
0.48582949
0.56280405
0.5306054
0.54371057
0.55294739
0.50110833
0.48070894
0.52428332
0.51984659
0.50337247
0.51376409
0.51216361
0.50695108
0.46435937
0.51081604
0.50963144
0.55656044
0.53612411
0.50943111
0.51678593
0.47874981
0.53229771
0.50164873
0.53540841
0.51062491
0.52663641
0.56212116
0.51545418
0.56849174
0.55388022
0.51645532
0.52758392
0.51554177
0.49972596
0.52222835
0.49625476
0.51824273
0.51237512
0.50241306
0.55283928
0.50478878
0.50227474
0.48516577
0.47164368
0.47577658
0.47737845
0.53240468
0.50067557
0.49602892
0.50323224
0.50584517
0.56090101
0.50723165
0.52916909
0.50399147
0.49487038
0.49830912
0.49424968
0.5795226
0.4687927
0.46482934
0.50865068
0.53140292
0.51745475
0.52600304
0.47051907
0.47608106
0.52413157
0.50143054
0.53456487
0.55066521
0.48180572
0.56956575
0.51269705
0.5224524
