1.05041679
1.06457705
1.09358964
1.14191764
1.05040279
1.0699263
1.06505218
1.08796794
1.06997877
1.08689338
1.06215869
1.08557372
1.08683543
1.07802294
1.10509653
1.06819004
1.06742488
1.09519437
1.08964818
1.06586204
1.07646873
1.06558519
1.13531598
1.04982486
1.12171503
1.07977509
1.13401692
1.10995586
1.10212937
1.13230419
1.04257808
1.07268
1.11047303
1.11556489
1.08247126
1.12772965
1.10340311
1.09969905
1.06964949
1.10641757
1.10721782
1.1175616
1.10385939
1.08344638
1.09684926
1.10831511
1.10875462
1.12102293
1.08037935
1.08004753
1.08467961
1.06864276
1.09472496
1.0873485
1.09956578
1.11879175
1.10003069
1.05822884
1.1010248
1.11802148
1.02627906
1.08263262
1.07729357
1.0773584
1.09798592
1.08062288
1.05778337
1.07823902
1.03403189
1.1341523
1.09633989
1.08397377
1.10989268
1.07354031
1.10863427
1.08963463
1.09752128
1.09082153
1.08613074
1.07471442
1.09736822
1.08595829
1.07299991
1.10309337
1.08673762
1.0829364
1.10533247
1.09872301
1.08973436
1.13711834
1.12566715
1.06852839
1.14217344
1.12607865
1.04487507
1.08993052
1.04733451
1.11939617
1.1027945
1.06001196
1.05318812
1.12782863
1.08675806
1.09898676
1.08289377
1.08230832
1.07333303
1.07366663
1.11280367
1.09232776
1.08388562
1.03937763
1.07876624
1.05255947
1.13563783
1.09261468
1.05964564
1.11084963
1.10253663
1.08279421
1.11949614
1.10799226
1.09637089
1.10267168
1.0669371
1.08981565
1.08841835
1.08023049
1.0548899
1.07685528
1.05684628
1.07518504
1.06024829
1.06638712
1.11212398
1.13635973
1.08593987
1.11069279
1.08882764
1.14377035
1.02064747
1.0570444
1.10740679
1.06885793
1.07371164
1.07242676
1.09113266
1.08744941
1.09280041
1.08663749
1.15158019
1.12042104
1.11278835
1.08850757
1.09745807
1.09946104
1.10481754
1.14430388
1.10810097
1.04641063
1.08910612
1.0944489
1.098276
1.11403162
1.15535249
1.07770321
1.11372497
1.00187386
1.09758304
1.09821222
1.08698008
1.07432528
1.09266972
1.09528177
1.10845375
1.10316236
1.11101122
1.07798105
1.06088785
1.08277277
1.10523761
1.0541138
1.1023548
1.13333073
1.09071756
1.04747427
1.11134934
1.09282138
1.08600702
1.06580066
1.09735929
1.12965407
1.11589778
1.07984915
1.09000728
1.09497822
1.05471511
1.10650411
1.13813797
1.06622897
1.0981452
1.07836638
1.00986152
1.05453361
1.10740486
1.07970371
1.06558813
1.07931399
1.06982665
1.07669605
1.10004679
1.10022817
1.07461438
1.1181176
1.06294704
1.05491919
1.11938144
1.1125568
1.060824
1.08626458
1.10495031
1.0710657
1.08355889
1.08897971
1.11753041
1.12430199
1.09321099
1.11725465
1.0651933
1.05931607
1.07830576
1.06305824
1.10788348
1.09613114
1.08200208
1.09135198
1.07720004
1.09022345
1.06122939
1.08599986
1.05802969
1.12893171
1.101482
1.09956798
1.09997528
1.09725507
1.10908698
1.09023452
1.08114159
1.06006156
1.09721186
1.10840372
1.07767877
1.09893727
1.10215444
1.08647248
1.09074246
1.13270673
1.07671166
1.06785824
1.11468099
1.09318317
1.09299675
1.0702953
1.11587529
1.12569452
1.06637647
1.05362444
1.08784991
1.06176234
1.0781372
1.11995255
1.12144649
1.10715733
1.13199828
1.09624137
1.08565055
1.08674038
1.07025398
1.08518535
1.09090986
1.11739022
1.09032436
1.05390769
1.10726151
1.04648794
1.07854336
1.03744144
1.09052558
1.08997147
1.0927101
1.09078705
1.10411586
1.10304677
1.06176867
1.11010214
1.08625108
1.09788041
1.12450735
1.10702907
