0.75147436
0.73277084
0.77020355
0.74261043
0.69650962
0.73815103
0.76563233
0.74453854
0.73342956
0.80613526
0.76656978
0.81325249
0.75412775
0.72661851
0.69701278
0.78468989
0.78396378
0.73624124
0.75431712
0.74036535
0.76540403
0.73973385
0.72814171
0.74657817
0.77674212
0.77757461
0.82808508
0.75020858
0.70405604
0.72320067
0.74035098
0.79864121
0.78223346
0.74704432
0.73655536
0.71525258
0.78444232
0.80525635
0.76041508
0.77165377
0.76265975
0.76569665
0.74094485
0.73714863
0.71317761
0.71523847
0.7459013
0.74713566
0.80639631
0.74071446
0.72863186
0.75176708
0.75865853
0.75390653
0.71292182
0.72956944
0.82025946
0.7330574
0.82758134
0.77802616
0.78948133
0.7118418
0.74734746
0.77083631
0.7856459
0.72756338
0.71939863
0.72049284
0.77269653
0.77563707
0.8230797
0.67830832
0.76595904
0.77581446
0.76112799
0.77952884
0.72115838
0.70907544
0.80871563
0.74148916
0.80255813
0.74234588
0.72597201
0.75120701
0.75045809
0.73291392
0.79678464
0.78256694
0.74900112
0.75988607
0.73722859
0.69541041
0.75824703
0.75473283
0.76350594
0.75072342
0.71789771
0.71960899
0.75486085
0.73007678
0.74540741
0.76663368
0.6647089
0.73008516
0.79788987
0.7953125
0.78180974
0.78803711
0.75794356
0.730391
0.73983316
0.76711046
0.74047569
0.7381902
0.77043685
0.73842911
0.79201255
0.73667518
0.72772264
0.72342265
0.79237353
0.72167291
0.78250251
0.76680162
0.77283005
0.73019978
0.72233696
0.74599532
0.75392669
0.73837098
0.75926815
0.80247784
0.76177051
0.76535148
0.81581145
0.69874526
0.74201819
0.74895511
0.7457361
0.74843416
0.77781949
0.8162337
0.75594775
0.77265363
0.7366725
0.74114585
0.74926294
0.7765729
0.79803706
0.74185144
0.74013823
0.75578628
0.75216268
0.75204131
0.75545194
0.78793008
0.77811805
0.73968016
0.76125473
0.72937039
0.75969542
0.75966678
0.81129605
0.79181502
0.78139617
0.7886129
0.75916811
0.74586752
0.76088547
0.73526451
0.76781092
0.75896488
0.78961381
0.69887903
0.7760139
0.72438326
0.73196609
0.737193
0.75355636
0.77506985
0.72841676
0.77029108
0.75828926
0.74109374
0.7248623
0.77967279
0.80376071
0.73602751
0.7936486
0.75423931
0.75381153
0.76063912
0.7566886
0.7318825
0.77340105
0.73670488
0.7735143
0.77235659
0.72892938
0.76598347
0.78927618
0.69297628
0.77488406
0.75462105
0.70930048
0.78214152
0.78042914
0.75320846
0.76339607
0.77112316
0.82216736
0.80185026
0.69943178
0.76246077
0.76449156
0.80672044
0.79057933
0.7343565
0.7815633
0.76680216
0.74225063
0.78834067
0.76248137
0.74654729
0.77303048
0.74377489
0.77981572
0.70671689
0.76052101
0.7673681
0.75960182
0.72732149
0.75886747
0.80307906
0.77588136
0.76114046
0.72574194
0.82153546
0.76389228
0.71316303
0.74412501
0.75735327
0.7346494
0.77113685
0.78501801
0.7673075
0.7359869
0.75023327
0.79365722
0.75165117
0.79236493
0.74389496
0.71532289
0.75072254
0.76695499
0.7533795
0.73104201
0.77802274
0.77794473
0.74352142
0.71636729
0.7395272
0.71908073
0.76871188
0.76192804
0.77229202
0.76009639
0.752866
0.78893226
0.74087062
0.76851818
0.73384791
0.78625889
0.76279275
0.76633512
0.72570472
0.73872527
0.78465546
0.75605107
0.79588388
0.75149264
0.72430554
0.73011253
0.74694021
0.80981544
0.80022593
0.76500584
0.78940269
0.77794392
0.70981328
0.77727985
0.76091003
0.74345472
0.78920802
0.79205153
0.72679678
0.73600912
0.70708524
0.72446403
0.77054067
