0.8305631
0.83074872
0.86012129
0.83168701
0.82685448
0.84723243
0.81499767
0.81569014
0.85802437
0.81469478
0.78446191
0.85513807
0.86687722
0.8057244
0.82472965
0.80929965
0.79341659
0.83927196
0.8340839
0.8260285
0.83269541
0.84516919
0.82601586
0.81499114
0.83368322
0.81873024
0.8442486
0.84436705
0.81291515
0.85886688
0.87838608
0.80480309
0.80064704
0.83113706
0.86089885
0.88106189
0.81794837
0.83062589
0.86934721
0.86309555
0.85126503
0.81553561
0.81633325
0.85913606
0.87211251
0.82097798
0.85075123
0.84247167
0.82191609
0.8374647
0.82587411
0.8738053
0.8243089
0.84318329
0.82549998
0.84918446
0.83895648
0.8284878
0.87686221
0.81419283
0.83055912
0.8745041
0.85138236
0.85439086
0.80337923
0.85718383
0.85745271
0.83993793
0.79758489
0.82755666
0.84167476
0.87260339
0.85643235
0.83989906
0.82880695
0.86018222
0.88155486
0.81598496
0.83849456
0.82983565
0.81615432
0.84849584
0.81628538
0.85255783
0.8169031
0.83318323
0.81876086
0.84017217
0.83119869
0.8366371
0.82079396
0.85515714
0.85329381
0.81784653
0.80462198
0.82411286
0.83368458
0.8285338
0.86940115
0.83200517
0.82306201
0.83319672
0.81763766
0.8359037
0.83083191
0.84752366
0.84683897
0.81587309
0.84591923
0.83770838
0.79487935
0.83665859
0.82724165
0.78798229
0.84334636
0.84371497
0.79749315
0.84783807
0.87235344
0.80942586
0.85758477
0.84804753
0.82574608
0.8465087
0.81442509
0.81987526
0.84674832
0.82561434
0.87096981
0.84932477
0.86292978
0.78476402
0.87467386
0.86112133
0.82109023
0.82715371
0.80513905
0.86243212
0.78768699
0.81422745
0.83639186
0.84036255
0.8494693
0.85656561
0.86373682
0.82817861
0.84891251
0.8197682
0.82287114
0.82727891
0.83364486
0.82315087
0.8151631
0.83777848
0.80137968
0.85282635
0.82156604
0.80420411
0.83809553
0.85898046
0.85031383
0.87338632
0.83802196
0.83650052
0.82631456
0.82987651
0.87699991
0.84343738
0.84791193
0.8350331
0.80841007
0.89282328
0.86531209
0.80570123
0.82857875
0.85926017
0.85098348
0.8610765
0.86812839
0.83843099
0.83862597
0.85358361
0.84567907
0.832998
0.8539837
0.83533234
0.83466422
0.83873259
0.87058679
0.85828728
0.87785619
0.85005591
0.85731011
0.81187537
0.83861112
0.84882871
0.85349545
0.81729505
0.84228762
0.83734755
0.86623137
0.83589736
0.88105766
0.8165369
0.80252513
0.84150052
0.8753431
0.80838257
0.83690133
0.84197329
0.83661801
0.83062084
0.82404646
0.82350422
0.84608284
0.86411717
0.83165286
0.864521
0.85399077
0.87702689
0.85451247
0.84821009
0.83243705
0.85179949
0.82118804
0.83875602
0.84058271
0.84841547
0.85161836
0.87014997
0.85753125
0.84732587
0.8499672
0.81391266
0.82174346
0.86432841
0.86103662
0.81897277
0.85773726
0.82327064
0.82939171
0.82675136
0.83633539
0.82495269
0.84449716
0.86204958
0.84586653
0.85542263
0.85903762
0.80049963
0.84571924
0.84152744
0.8357535
0.85565024
0.85818816
0.84667312
0.82497566
0.82871281
0.81788346
0.81048154
0.82674973
0.85916733
0.80546376
0.82188043
0.82170204
0.80635197
0.84316008
0.87978687
0.84297251
0.85064594
0.83443171
0.847221
0.84208374
0.87570735
0.84024741
0.81857466
0.84242921
0.8103656
0.85010292
0.85144389
0.81124336
0.81457029
0.82337626
0.84981077
0.82718078
0.8040585
0.82699431
0.84506827
0.8516522
0.8469109
0.82208063
0.82967785
0.83265041
0.85438384
0.82510672
0.83402704
0.83987005
0.80328945
0.85087744
0.84427574
0.79621944
0.77379612
0.78461729
0.76888561
0.77331906
0.81366387
0.76583367
0.80240064
0.79455569
0.83394674
0.80653667
0.78536858
0.82418283
0.84355842
0.80050845
0.79411018
0.82027079
0.79351264
0.84286794
0.83996241
0.78717494
0.77632964
0.77835009
0.83140111
0.83188219
0.76476485
0.7981432
0.80340278
0.82766628
0.81433649
0.80623582
0.84307747
0.82225718
0.84993274
0.80907623
0.80536998
0.83359654
0.8146605
0.81119455
0.79432657
0.83026616
0.80260462
0.82001906
0.83673389
0.83794969
0.78444544
0.82330284
0.74607635
0.80769453
0.77516323
0.77683724
0.81022802
0.79929957
0.75178121
0.816365
0.82185378
0.78957871
0.82852934
0.7877151
0.82011547
0.79943432
0.84482435
0.81900637
0.83837381
0.82019916
0.78619399
0.80861021
0.75872178
0.80612839
0.81499575
0.80482711
0.8009281
0.80448252
0.82453721
0.79302711
0.7947181
0.838265
0.79065137
0.82634128
0.79507745
0.77802015
0.79801109
0.80655318
0.8255779
0.83500212
0.77970426
0.7676227
0.80708722
0.82107644
0.81655852
0.86866974
0.86930771
0.75933413
0.82111752
0.77621981
0.79236539
0.75291604
0.77353537
0.82383299
0.82214074
0.81247029
0.81641412
0.79253633
0.80392934
0.77592746
0.78110578
0.75923423
0.83407345
0.84111196
0.81065592
0.79076864
0.82081356
0.79328003
0.79039828
0.80874146
0.80743047
0.78675502
0.8528089
0.80764177
0.84433803
0.84753901
0.8327697
0.86026401
0.79958492
0.78097944
0.78240559
0.80571948
0.80848483
0.82881531
0.83621647
0.85476406
0.82826662
0.81909835
0.86837682
0.80075521
0.81724428
0.77768515
0.85369438
0.83321941
0.80264947
0.84303164
0.80665006
0.78536984
0.80789689
0.83629641
0.78785244
0.83284322
0.80637292
0.77349185
0.85512358
0.80013227
0.79059357
0.81521096
0.79228434
0.81133576
0.79537478
0.8426632
0.82989776
0.82780801
0.77200036
0.77442802
0.79566061
0.77692542
0.79092709
0.85032266
0.83385761
0.83712068
0.81425416
0.75845533
0.7833024
0.79845579
0.84375354
0.79887755
0.80655988
0.82841051
0.80035455
0.84107896
0.79173314
0.78583938
0.77257807
0.80541585
0.78497866
0.83630287
0.77805198
0.82602835
0.815832
0.76744886
0.81948683
0.82531951
0.79617641
0.84039443
0.82848022
0.83853394
0.79756332
0.79853551
0.81463919
0.81839944
0.83245942
0.7690258
0.79893982
0.80128051
0.81543153
0.8107217
0.82843354
0.80165227
0.83188669
0.7678403
0.79147773
0.85085849
0.82445053
0.84719817
0.8114748
0.79141291
0.8218447
0.80681658
0.81916468
0.80440938
0.82522186
0.83761337
0.82009901
0.8035126
0.83154219
0.80868048
0.79283003
0.81000532
0.79678467
0.79950179
0.80732658
0.83116999
0.77943489
0.83445941
0.82031254
0.81983658
0.83436287
0.82877806
0.85255
0.828904
0.78413929
0.82454046
0.79808192
0.79957317
0.81239523
0.75982497
0.79619493
0.85058927
0.79204318
0.83287425
0.75551248
0.83461924
0.80060093
0.84033764
0.80363107
0.79171891
0.79944878
0.84708851
0.82248486
0.80194704
0.81329692
0.85238612
0.77667798
0.77396608
0.83756662
0.83106182
0.81702856
0.80715046
0.8056531
0.81089346
0.81151552
0.80035191
0.78687945
0.79915166
0.81925928
0.78197002
0.80220818
0.80384463
0.80828379
0.77156482
0.79412475
0.79340445
0.80576755
0.80360106
0.81501748
0.80291722
0.80314943
0.83294731
0.80280305
0.81535274
0.79070818
0.81788475
0.83088566
0.79593751
0.80458142
0.81946381
0.81397479
0.79801164
0.83421813
0.80162324
0.79058005
0.82756516
0.81952398
