0.52637222
0.52278338
0.48656457
0.50851617
0.45951033
0.45303959
0.45609698
0.47848036
0.54628843
0.4848022
0.49534165
0.49295066
0.51049849
0.48690383
0.50588087
0.44996525
0.50982095
0.4990676
0.50087928
0.50295801
0.52691533
0.48630106
0.52242733
0.47351049
0.49925116
0.51848657
0.47018236
0.4833806
0.52168204
0.50799128
0.53139781
0.48938206
0.51325532
0.52070427
0.54770613
0.49254654
0.45104834
0.50845066
0.40768588
0.48880298
0.47680199
0.4826931
0.51979455
0.50874805
0.49803698
0.49224968
0.47919196
0.49319771
0.4716049
0.49270103
0.55802028
0.47212705
0.5064786
0.49332695
0.52752509
0.49050193
0.4812923
0.48453108
0.47169862
0.561802
0.55592222
0.51355468
0.50802986
0.53202175
0.52675792
0.52166871
0.54295036
0.48556983
0.52097039
0.5014922
0.45751437
0.497245
0.48117959
0.51469437
0.5382455
0.49708014
0.44829866
0.56801062
0.49594164
0.51406104
0.44913223
0.50004953
0.48664245
0.49261143
0.52041557
0.49628051
0.49987382
0.52083182
0.51389979
0.50712794
0.49050412
0.4842427
0.50855848
0.5564381
0.47501809
0.47125711
0.50797579
0.52856398
0.5005881
0.54785032
0.49994903
0.47699096
0.48358498
0.4967193
0.47112546
0.49643258
0.5011733
0.42100592
0.5417863
0.41101466
0.49156287
0.52154819
0.49908334
0.4945809
0.50317493
0.51577345
0.48171976
0.51899335
0.50558532
0.49506562
0.47940551
0.52089994
0.50453005
0.50918094
0.55819458
0.55348796
0.46888739
0.50624128
0.52704826
0.49424008
0.47501818
0.50098212
0.47589385
0.5395735
0.5856635
0.47475549
0.5401528
0.48492292
0.51111649
0.50584317
0.54023228
0.53128946
0.5081202
0.52273056
0.48612767
0.50752807
0.46575742
0.51364071
0.52481264
0.50234497
0.49904058
0.51736575
0.50998589
0.50349683
0.47944036
0.5008783
0.50304421
0.50007684
0.51110419
0.5123517
0.48162389
0.49120224
0.52614335
0.51473562
0.51423172
0.40837183
0.47310941
0.56441085
0.50508151
0.50266858
0.55200356
0.50500187
0.4946275
0.53447021
0.46649686
0.53400034
0.498021
0.52467963
0.47975613
0.49840223
0.47764089
0.52167191
0.50918809
0.48908936
0.47175521
0.48120209
0.56660377
0.50378777
0.52131837
0.48381855
0.51442071
0.44291598
0.49303529
0.48321479
0.50447426
0.48506163
0.51328534
0.53244509
0.5121036
0.48099019
0.55305698
0.45558392
0.47287182
0.5230319
0.49464694
0.51364376
0.49438163
0.42616074
0.48679696
0.49048749
0.49879461
0.47277046
0.50663857
0.47842919
0.47190562
0.50716622
0.53081599
0.52141303
0.53122779
0.47129112
0.51616894
0.50267597
0.48903889
0.50964971
0.41235767
0.49738409
0.47441475
0.53898212
0.54561924
0.51594565
0.43517647
0.51301825
0.52240178
0.4933552
0.51433985
0.52216671
0.53537012
0.48005681
0.5261944
0.52837681
0.53314374
0.49251281
0.51332863
0.5597702
0.51295589
0.47392359
0.48464113
0.45252516
0.5281729
0.44423281
0.52101017
0.51832043
0.46625402
0.48616177
0.48402789
0.45164824
0.47809825
0.48199554
0.49358963
0.4755138
0.49545134
0.44325554
0.47281271
0.54860984
0.51174197
0.52993033
0.48190506
0.43821422
0.48884469
0.49862508
0.53663232
0.49031489
0.44513014
0.51856456
0.50644384
0.48453708
0.50517621
0.4603914
0.53020932
0.44737574
0.48297508
0.50161466
0.50468979
0.48798923
0.52049433
0.50839656
0.43379702
0.49608552
0.46618794
0.55456487
0.44037874
0.45412937
0.47737836
0.49394292
0.52096581
0.50234707
0.48216703
0.49807023
0.52295453
0.53154025
