0.71663053
0.7697269
0.74509439
0.7504085
0.77360071
0.76289119
0.71396267
0.72328258
0.78473077
0.76370229
0.78158901
0.74245821
0.76555098
0.74095897
0.69313897
0.6896912
0.6861488
0.78329884
0.74910237
0.7318772
0.72357555
0.73394968
0.69971154
0.68589446
0.73460805
0.76170837
0.73068081
0.73509806
0.72414599
0.75298818
0.69069416
0.77542121
0.76077435
0.72493028
0.73921587
0.7091181
0.66424538
0.71707623
0.70645524
0.76695247
0.72487966
0.78058637
0.75261048
0.67500343
0.79694079
0.7392791
0.73303219
0.74093321
0.7660874
0.7471132
0.68540513
0.78483829
0.73522271
0.70868132
0.7515014
0.7503512
0.69789484
0.75401321
0.69126453
0.72836104
0.74240433
0.7166233
0.72158311
0.72715414
0.72834529
0.72674565
0.76019503
0.74991744
0.72180361
0.69146808
0.75757711
0.70586043
0.76282149
0.72508621
0.75440127
0.75788994
0.69324555
0.73500264
0.73650791
0.76691505
0.76400125
0.70402845
0.73727812
0.67717521
0.73320923
0.7779809
0.72422295
0.69929138
0.71988363
0.71269349
0.72048488
0.76299598
0.72306003
0.71830334
0.71787935
0.7529451
0.72941108
0.68810865
0.76075656
0.73830396
0.74503179
0.77779259
0.73923035
0.76528707
0.78840782
0.69381106
0.77242862
0.76984036
0.71708037
0.73868771
0.76482438
0.79659776
0.68789724
0.70300501
0.74996755
0.76149538
0.79073917
0.69139981
0.77362951
0.75204939
0.75976571
0.67943357
0.71793217
0.73993154
0.76958534
0.71320523
0.79680863
0.704803
0.76294664
0.70616159
0.81381531
0.77398974
0.71616497
0.72239801
0.79936706
0.76148481
0.79424745
0.71404925
0.6910617
0.76882257
0.78886668
0.77137971
0.77383737
0.7456601
0.7889945
0.7697659
0.76659991
0.76495409
0.73581997
0.77357573
0.76630285
0.72140126
0.63995059
0.78483718
0.7087046
0.73594037
0.7511172
0.72728065
0.71234557
0.75879816
0.79386462
0.73149474
0.71735107
0.79551504
0.70524829
0.74074794
0.74778662
0.76251415
0.70208812
0.7305983
0.7802496
0.72761406
0.71271056
0.79411543
0.72521023
0.66704316
0.71600466
0.75039393
0.7155684
0.73807006
0.7359183
0.73610635
0.77985091
0.78061448
0.76338853
0.78668931
0.72171028
0.74392187
0.76654731
0.70030047
0.72405267
0.73747234
0.75856975
0.69940704
0.75277412
0.73132233
0.67914255
0.76150749
0.79914126
0.76761194
0.73715486
0.75457801
0.72303167
0.73228378
0.68149123
0.7748799
0.73318904
0.67496874
0.74159319
0.78482708
0.7766337
0.75727905
0.72705748
0.69133124
0.71389904
0.691307
0.77426654
0.73678077
0.65418889
0.71572218
0.74559188
0.73983223
0.74776224
0.74659501
0.7461532
0.75505758
0.73820322
0.8122517
0.71621407
0.76379472
0.69488062
0.73591957
0.73419022
0.72592662
0.73754266
0.75528101
0.77735689
0.73030478
0.74046931
0.69484209
0.81189721
0.77143452
0.82151316
0.78248412
0.74537763
0.72254188
0.72418929
0.7271062
0.71635288
0.81603171
0.72978593
0.73281096
0.72701599
0.76286564
0.72435971
0.75037955
0.69442338
0.69797893
0.74389786
0.71427523
0.77572875
0.71742963
0.69803562
0.76007918
0.7190182
0.71576189
0.76036991
0.71012106
0.77318796
0.74835512
0.68338722
0.72697786
0.76559432
0.78362609
0.78008258
0.80691224
0.75554936
0.75724381
0.77244893
0.71890988
0.78845456
0.77243078
0.73304891
0.73470946
0.69613806
0.76518982
0.74724994
0.75140634
0.73358087
0.74749723
0.76550225
0.6851305
0.71445545
0.74475057
0.74762007
0.75054299
0.72600085
0.76809408
0.74902407
0.742609
