0.60901306
0.59970713
0.57680349
0.55512768
0.54991416
0.57075017
0.55968694
0.55780424
0.59663312
0.5596917
0.59853249
0.59019065
0.5798974
0.55350817
0.60525714
0.57702309
0.58937808
0.52566862
0.60389475
0.57771438
0.60123893
0.5894388
0.60171481
0.58306426
0.61318667
0.56817732
0.56872572
0.54184833
0.61469472
0.59470338
0.55339855
0.55529274
0.59002229
0.59532974
0.59524958
0.54048359
0.59258245
0.6004897
0.61214994
0.57731654
0.55977606
0.52590112
0.53899844
0.55490552
0.56521513
0.58278881
0.58370558
0.62664579
0.55288904
0.6143158
0.5807153
0.6086117
0.55302224
0.5773817
0.57578904
0.55661081
0.59538838
0.52859335
0.52213272
0.53316145
0.55293427
0.61562411
0.59677561
0.58299196
0.55459669
0.60877916
0.55982852
0.54122263
0.58014062
0.58724273
0.56950842
0.57686648
0.59806407
0.59162072
0.57726169
0.56076508
0.60173743
0.55648978
0.49890828
0.53733503
0.55216972
0.54124256
0.59612979
0.56974594
0.58539662
0.57917992
0.57783194
0.56903882
0.59601941
0.54993193
0.57651658
0.56640973
0.56038361
0.57671569
0.55337654
0.5470311
0.60468902
0.53738338
0.58406492
0.57841803
0.62851811
0.56892887
0.56107849
0.56339127
0.55515896
0.54874669
0.57026098
0.52736342
0.59627635
0.58118501
0.58922358
0.598304
0.58554966
0.56673586
0.58209525
0.57192635
0.55044246
0.5957627
0.57502412
0.60046739
0.54974421
0.58399992
0.57434756
0.55001423
0.56085772
0.56145694
0.58720911
0.56626753
0.53220656
0.53665951
0.54971802
0.59202171
0.5831272
0.577992
0.52787528
0.53636777
0.59149304
0.59828
0.55992031
0.55453511
0.53951927
0.54093194
0.57458135
0.62586955
0.5882549
0.53737731
0.57218891
0.57574366
0.59730457
0.60371847
0.57395947
0.57215465
0.54901166
0.56540046
0.53964543
0.60337827
0.58038007
0.6073599
0.56530309
0.59057256
0.55823716
0.60085479
0.54275575
0.56063917
0.56533275
0.55557909
0.55642174
0.57163903
0.59467487
0.55485255
0.60561873
0.59052236
0.56270812
0.59642483
0.55897095
0.57156755
0.57323421
0.60078439
0.57651565
0.55212294
0.55664578
0.61127487
0.58504494
0.54127468
0.55807819
0.59823988
0.55404183
0.60669883
0.57239046
0.55954889
0.56268662
0.57329497
0.53116506
0.56715111
0.60750797
0.57650474
0.594401
0.57885119
0.59170199
0.55110445
0.57023415
0.59203043
0.54346953
0.58213826
0.62730379
0.62888692
0.59080329
0.52439993
0.56695561
0.56785287
0.58474034
0.59799155
0.58242557
0.57585869
0.57604767
0.59103292
0.51115986
0.59895037
0.56024222
0.58661923
0.5866325
0.55568655
0.56836569
0.55761339
0.63274607
0.55914655
0.61465224
0.5741969
0.55260167
0.57118367
0.57178985
0.52353883
0.60324486
0.56711834
0.59499117
0.6174995
0.55754543
0.60937242
0.6188158
0.54592663
0.60469751
0.55175534
0.60051825
0.55126077
0.58953546
0.55161043
0.56930888
0.57364848
0.58686772
0.53668803
0.56717969
0.56346085
0.55774684
0.59900026
0.5697635
0.58437052
0.58709958
0.57361096
0.53581286
0.56911039
0.59646624
0.57871919
0.5776125
0.56997875
0.59164345
0.61553568
0.55655246
0.54198797
0.5914855
0.57617637
0.54571353
0.57663686
0.53724699
0.5734695
0.57514108
0.59289164
0.58204963
0.58843358
0.6088095
0.58915718
0.58774251
0.5847407
0.56678559
0.60915342
0.58747579
0.5923272
0.5794897
0.59137109
0.59569417
0.58307681
0.58777403
0.55965918
0.54804756
0.568956
0.59592936
0.57978368
0.53225251
0.55652618
0.59338838
0.571151
0.52911793
0.52036962
0.51176733
0.57131084
0.53601722
0.49569675
0.57473515
0.57670639
0.55378578
0.61231545
0.53620472
0.50193924
0.52243623
0.49195244
0.5492181
0.55967132
0.6056765
0.54733653
0.52723916
0.6049502
0.54797911
0.55253842
0.54136788
0.55145328
0.53324466
0.58486684
0.60071223
0.58399443
0.5326991
0.54870748
0.50548645
0.54350185
0.579171
0.50425594
0.54840107
0.57482062
0.5862021
0.53497741
0.53995234
0.50661549
0.60399897
0.57755023
0.56187726
0.51788027
0.53784224
0.57269562
0.54936984
0.57387787
0.51990817
0.60456594
0.55789183
0.53186042
0.55780654
0.57860819
0.51519865
0.54646043
0.49973368
0.52631421
0.55910024
0.52506308
0.53878737
0.52081414
0.58747636
0.55481968
0.50536629
0.56948511
0.55733952
0.54882311
0.55856662
0.51305129
0.58791841
0.56871255
0.57826095
0.55338554
0.54362934
0.53753217
0.5781272
0.61728624
0.567127
0.55157072
0.59245206
0.56408349
0.56732184
0.55509496
0.53451913
0.57353717
0.52590285
0.56162503
0.54082698
0.59152743
0.56348114
0.52949147
0.5531492
0.51880266
0.52552462
0.55475628
0.52242086
0.54769187
0.57850373
0.55304401
0.54293957
0.53658758
0.58620488
0.54065743
0.5787355
0.57574774
0.59351945
0.56029333
0.54946828
0.54206751
0.58603404
0.56689372
0.58437625
0.54519456
0.57072377
0.55551741
0.56417839
0.55188997
0.54435742
0.52302915
0.53276922
0.56911285
0.55790227
0.56062951
0.5258706
0.57091009
0.56464048
0.56619022
0.53606523
0.6021811
0.54980909
0.58371947
0.51468321
0.59830664
0.55256743
0.53563312
0.55545103
0.56396525
0.54920301
0.54204536
0.52107221
0.56813609
0.53466537
0.58404555
0.56734728
0.52402766
0.54739198
0.55213685
0.53679386
0.52953668
0.56289001
0.55571999
0.56643298
0.60535915
0.5489742
0.55708803
0.57973484
0.56244074
0.5279542
0.55993233
0.5546758
0.53503488
0.54512832
0.53830152
0.5243653
0.54745935
0.61459013
0.57921723
0.53180195
0.55265562
0.59526878
0.5232331
0.57422498
0.56043049
0.56959561
0.52591089
0.55808628
0.53829821
0.57114702
0.55617498
0.60354862
0.51461365
0.51392143
0.54006537
0.53463083
0.57137198
0.54332224
0.5377549
0.50438944
0.58017178
0.55058271
0.55666451
0.5171788
0.57743444
0.54173489
0.55554377
0.5460375
0.58235805
0.5466734
0.62981719
0.55473345
0.52655809
0.55139602
0.51501325
0.58371404
0.56329334
0.525225
0.54034237
0.54975123
0.51603708
0.56818143
0.52283606
0.55292049
0.50402175
0.54995417
0.57092369
0.54510439
0.52704275
0.56364666
0.52108295
0.53787113
0.56780238
0.53578402
0.56781309
0.555409
0.57508975
0.55747443
0.56588713
0.545742
0.51395475
0.55618276
0.50797107
0.57234524
0.53066009
0.58475151
0.52997471
0.58791571
0.56750117
0.54964483
0.5455882
0.52802958
0.56691958
0.5653777
0.57973552
0.48475379
0.57991817
0.52509173
0.55659442
0.54256544
0.54338251
0.55517909
0.56137699
0.56265416
0.53526063
0.58893891
0.5615913
0.58445615
0.53452631
0.56005072
0.52596136
0.52191672
0.55657827
0.56593391
0.5326089
0.59587614
0.54619352
0.54634018
0.58690924
0.55163297
0.52756037
0.52952741
0.56804434
0.57157661
0.54493552
0.54813662
0.52712251
0.5757947
0.51245975
0.57373718
0.57746499
0.56276605
0.57873676
0.55350772
0.57567629
0.55337345
0.5741528
0.53131729
0.5343348
0.57000671
0.53048411
0.55743568
0.56836503
0.54516468
0.56311755
0.56094436
0.5621074
0.54604554
0.58777554
0.50586708
0.59368339
