0.64594867
0.6496053
0.61528943
0.64224423
0.58868514
0.65505474
0.65267587
0.69563837
0.62501668
0.6870907
0.71016468
0.69423732
0.6553131
0.68453511
0.66174518
0.62818781
0.61283403
0.66777357
0.64637592
0.65006615
0.67592065
0.67108194
0.65575661
0.64947866
0.63073705
0.65030882
0.61031504
0.69287228
0.64214467
0.64588836
0.6569349
0.6713446
0.66620137
0.69110273
0.64146698
0.63912993
0.65509869
0.63171524
0.65870303
0.66869803
0.65147545
0.65728808
0.63470824
0.6780378
0.63914682
0.68431335
0.65939375
0.67234901
0.68244955
0.62284779
0.65621063
0.64050553
0.69716721
0.69168265
0.64467857
0.6312887
0.67582324
0.65496441
0.65500244
0.6760996
0.62087889
0.55966428
0.67129789
0.57703598
0.65623501
0.65820548
0.67199411
0.66561511
0.63055725
0.65975199
0.67588273
0.60485585
0.66658369
0.65736568
0.63338815
0.65489409
0.63879212
0.66365052
0.66138861
0.66958784
0.64702344
0.65816644
0.68199825
0.64197315
0.62459898
0.6205584
0.66354314
0.6513414
0.65946108
0.65038372
0.64590087
0.66578542
0.66384447
0.61796502
0.62948661
0.65234529
0.65008575
0.66553279
0.61596596
0.65306974
0.64099442
0.67222537
0.66657947
0.65970478
0.65110621
0.64022501
0.59282788
0.61897492
0.62510211
0.63374023
0.65877594
0.68592982
0.59916118
0.69869579
0.60441217
0.70567884
0.61378225
0.669847
0.68633022
0.60767786
0.69581424
0.65112297
0.66200822
0.64413829
0.6428459
0.65059779
0.64819184
0.62625603
0.64003499
0.63829844
0.67389485
0.62689549
0.63505866
0.63002812
0.66613136
0.65497859
0.67964469
0.67349567
0.62054126
0.66397655
0.59703729
0.6163897
0.71020741
0.64731813
0.63859286
0.63648267
0.67737853
0.6415312
0.64787039
0.62776018
0.63149988
0.64729401
0.64146614
0.63416666
0.62934559
0.61795663
0.67621632
0.64758102
0.63496789
0.68780458
0.6628846
0.64598562
0.67006957
0.68903265
0.65855268
0.66142691
0.67539293
0.64605126
0.68516329
0.65476688
0.68837168
0.63368656
0.62636012
0.65546432
0.62200828
0.65957461
0.71387179
0.67412546
0.63629052
0.6528045
0.69532232
0.6637143
0.61910115
0.62957493
0.68608997
0.70110965
0.63320526
0.67805676
0.67425807
0.66484275
0.65429323
0.65542058
0.64416965
0.65526314
0.65213574
0.65501129
0.65135816
0.64218013
0.63545749
0.67110467
0.65231481
0.6294257
0.6679024
0.59144658
0.61679703
0.68360687
0.66296417
0.67669136
0.69370411
0.69018506
0.61299834
0.60080307
0.65239613
0.68507729
0.68089117
0.65990199
0.6394993
0.58556846
0.63555768
0.65945512
0.62318009
0.61413532
0.67563111
0.67692594
0.63089942
0.65528194
0.63908516
0.60867909
0.69203408
0.65620344
0.6497488
0.60416309
0.64624145
0.62120489
0.6390289
0.65814011
0.64473357
0.63589794
0.64484695
0.66197753
0.66145681
0.64406268
0.5767867
0.66262845
0.666844
0.67703214
0.64069045
0.71276487
0.69317659
0.60629917
0.67502145
0.69819526
0.65745022
0.68451405
0.62129755
0.68525125
0.67393006
0.71695495
0.65898405
0.70112155
0.58602861
0.6226114
0.67345226
0.66383351
0.68830555
0.65909655
0.61154868
0.65600557
0.66655955
0.64524927
0.64914631
0.66548448
0.63149814
0.68279847
0.71275218
0.61551845
0.64135619
0.6343446
0.67276262
0.67349982
0.63949298
0.63163132
0.64007901
0.63967373
0.62786682
0.65867946
0.61250068
0.65804526
0.62720574
0.6219864
0.63189041
0.65998325
0.63273095
0.62137862
0.61969055
0.67464367
0.66961733
0.63734082
0.64626761
0.66297372
