0.7633903
0.81332385
0.7740081
0.79282856
0.75814177
0.75993179
0.80398567
0.82341811
0.77786806
0.78050722
0.81746308
0.79380672
0.82708252
0.80544167
0.80688003
0.82227243
0.81240533
0.83112746
0.77280121
0.80822432
0.79923422
0.76907449
0.80880568
0.79349104
0.84103461
0.79085491
0.82286404
0.79730037
0.78535015
0.77442019
0.77395431
0.73187318
0.8237765
0.81779171
0.80684327
0.75558699
0.80970793
0.80777188
0.76190616
0.80984214
0.75794006
0.77906826
0.77836041
0.78146066
0.79463123
0.80719709
0.77807521
0.80608984
0.7974527
0.79446116
0.82980334
0.79276885
0.81339243
0.82307759
0.84284066
0.81723695
0.82513069
0.83421186
0.77200737
0.78511914
0.75732856
0.79150053
0.80428014
0.77694455
0.76331142
0.82260367
0.83425086
0.80111053
0.74543156
0.79020135
0.78965197
0.81814006
0.84423463
0.8025336
0.82728025
0.7783098
0.79402083
0.79099671
0.74778946
0.83254427
0.79653797
0.81084358
0.75512313
0.82212245
0.79622708
0.79041684
0.78592424
0.83579637
0.83135076
0.83228371
0.79289585
0.77738
0.81728545
0.77664799
0.85616578
0.82272469
0.81223737
0.79983784
0.74777438
0.83536313
0.79851913
0.81856238
0.81032579
0.77744182
0.77434483
0.80889863
0.77162578
0.77996081
0.78895412
0.86765689
0.7885129
0.80516652
0.75512262
0.78102117
0.76908002
0.80928537
0.79773828
0.83717346
0.77290583
0.83161862
0.78628432
0.79953744
0.80492549
0.80348651
0.80863677
0.80342036
0.83254594
0.80535097
0.78226551
0.80799975
0.80331741
0.76092659
0.82031431
0.79078473
0.82382068
0.81536465
0.79893896
0.77203246
0.78718009
0.79943413
0.80309105
0.88135482
0.8456975
0.74969113
0.83096946
0.79406124
0.81286558
0.76772262
0.76088058
0.80403096
0.83955695
0.78112097
0.78557588
0.80654829
0.75508663
0.84115378
0.76819591
0.81449949
0.80576145
0.78439103
0.7838987
0.79136255
0.79711673
0.7824013
0.7846688
0.8259737
0.81608354
0.8094123
0.80944097
0.82315256
0.81413621
0.79370096
0.81786073
0.80286928
0.85159307
0.80486128
0.85980279
0.79436219
0.80242164
0.80127143
0.81280911
0.81134856
0.83042308
0.7699658
0.81427565
0.80269762
0.81822661
0.79045077
0.79745322
0.81607908
0.77097367
0.83490742
0.81970585
0.8076029
0.83133114
0.78901919
0.81631122
0.77679947
0.80712545
0.78267123
0.79152803
0.75931943
0.84729423
0.77988166
0.81774519
0.83012469
0.79740093
0.85610962
0.80253266
0.81364045
0.8614566
0.80343671
0.7883143
0.80326873
0.77025789
0.79004661
0.80836722
0.79356193
0.81676348
0.81255298
0.83536215
0.80837851
0.8217427
0.77367537
0.81471085
0.79271888
0.79603836
0.77682172
0.77772323
0.81698882
0.81522333
0.76152218
0.78131974
0.81639164
0.79046269
0.77366837
0.79161512
0.81447805
0.79840691
0.79732399
0.80479769
0.79420414
0.82860193
0.83188906
0.81057061
0.80624208
0.789875
0.80940453
0.81045116
0.73793953
0.75173948
0.86111521
0.78776494
0.81257885
0.80784464
0.76576715
0.76915583
0.84738995
0.76117544
0.80357738
0.79550103
0.81393624
0.80965508
0.80269793
0.82238562
0.83415057
0.82075421
0.83500396
0.83039421
0.81481556
0.82563337
0.78194576
0.82441163
0.82101155
0.83707804
0.81061437
0.79123838
0.79972276
0.80778963
0.80073694
0.79515987
0.74570436
0.8052511
0.80936185
0.79416862
0.79021813
0.76200839
0.84218776
0.84678626
0.78724357
0.85939091
0.81264719
0.79835154
0.84248815
0.77942522
0.81864166
0.82818162
0.74424105
0.81959439
0.77741935
