0.40645997
0.36835132
0.44804518
0.455898
0.37035241
0.4403427
0.40422465
0.29043382
0.41252685
0.41479008
0.33379612
0.39536056
0.44203388
0.35810721
0.41491388
0.44309465
0.42389745
0.34573668
0.34105142
0.40034155
0.36069126
0.38371351
0.43411029
0.45736685
0.41131285
0.41427866
0.46063962
0.43465117
0.42456348
0.42078073
0.41869881
0.32561372
0.36950423
0.42800465
0.44098613
0.3019949
0.43950366
0.43899496
0.46666377
0.40046932
0.38545904
0.43675603
0.42710009
0.43242153
0.43142621
0.4008514
0.40115086
0.42158546
0.40970639
0.40234702
0.35496702
0.43653471
0.38342367
0.361779
0.41406898
0.34448753
0.39571924
0.38684383
0.41359048
0.44847743
0.33779656
0.32481191
0.34667476
0.39399587
0.37264251
0.38676796
0.37250607
0.36050185
0.51318729
0.47668205
0.43411147
0.42644189
0.41698154
0.41026299
0.43463556
0.48193185
0.43157299
0.43788185
0.43593972
0.45967513
0.44502475
0.34713394
0.37052852
0.384584
0.43874094
0.31865288
0.35745612
0.38664277
0.47423461
0.40535938
0.37935428
0.42487094
0.37936067
0.47247586
0.39118197
0.39549493
0.40076713
0.40595688
0.43363489
0.39561914
0.43293252
0.40315273
0.33877093
0.42658883
0.4265387
0.41030422
0.47961478
0.40574051
0.41607882
0.38126735
0.36871617
0.4557577
0.41797206
0.51596616
0.41107422
0.37632612
0.44595542
0.38919778
0.42286736
0.40932553
0.34870085
0.43787606
0.38487378
0.39367907
0.35956195
0.50210109
0.41525993
0.44687647
0.39877733
0.38505627
0.31473537
0.35319987
0.49872984
0.38603792
0.36926699
0.42886136
0.39285725
0.36255223
0.41931959
0.33261977
0.34618494
0.44907646
0.36556033
0.40797134
0.37673608
0.35003072
0.36226282
0.40409253
0.36194785
0.37609248
0.35848025
0.42791001
0.39010927
0.41832535
0.39443819
0.41113263
0.42619974
0.47909212
0.36933784
0.39311019
0.43019879
0.3914726
0.42521644
0.44654006
0.46834923
0.4055961
0.38550242
0.33708629
0.42809193
0.43306964
0.40098711
0.3950963
0.47401932
0.37006464
0.46384534
0.35015481
0.395236
0.3367565
0.3760186
0.4556708
0.42190787
0.41230115
0.4016547
0.45903066
0.38075781
0.43350525
0.42488473
0.31828292
0.42177526
0.42967452
0.37348056
0.39208127
0.35587235
0.48484396
0.49135695
0.41536868
0.44740502
0.39908638
0.40475333
0.41333381
0.45090868
0.40083235
0.45804398
0.38205504
0.37347218
0.40329201
0.36950837
0.29954194
0.45002042
0.41503391
0.38027211
0.36191331
0.41686962
0.3705361
0.42898985
0.34063728
0.43514939
0.38745074
0.31336176
0.38554752
0.39853126
0.36516052
0.32031307
0.44910521
0.42261613
0.41361471
0.32145756
0.34811385
0.39541284
0.36252546
0.36338258
0.35559986
0.36730019
0.39326925
0.38757751
0.43023501
0.39888537
0.434575
0.43557153
0.44111604
0.41366288
0.47767345
0.375599
0.4455997
0.37535039
0.35595557
0.33743682
0.44542612
0.35388003
0.42636761
0.45005114
0.42537346
0.46381543
0.37117307
0.41440499
0.38831414
0.43122914
0.49269042
0.37748959
0.41233723
0.40488724
0.4316174
0.41632526
0.43398434
0.37658131
0.42930845
0.41447703
0.38359634
0.48450187
0.40648476
0.35147552
0.43427436
0.40420285
0.42412248
0.446877
0.39037572
0.40734456
0.3936996
0.37759831
0.31648106
0.43559908
0.35773849
0.43368337
0.4497381
0.40607679
0.43476653
0.3999203
0.41638633
0.45712732
0.41421172
0.37424374
0.38024902
0.50219354
0.47339743
0.3920493
0.41523331
0.39012601
0.35592989
0.49101166
0.43361628
