0.51574459
0.55776963
0.58733496
0.53830775
0.55689732
0.55130997
0.49667665
0.52331277
0.49881096
0.58134118
0.57662747
0.59395609
0.54177449
0.50370725
0.58061242
0.61031542
0.55904284
0.44408088
0.59303986
0.59110414
0.51964895
0.53465757
0.56601194
0.60612581
0.57296551
0.55603191
0.52353863
0.54894646
0.51121579
0.53315326
0.47808891
0.53817418
0.61757294
0.52330262
0.56300747
0.57887595
0.5709873
0.57727493
0.56102429
0.5204757
0.57964161
0.63219756
0.50962866
0.5182137
0.58512965
0.53398512
0.57132242
0.51865791
0.54218325
0.5546069
0.55127156
0.53351956
0.60634499
0.53650524
0.50737366
0.55948939
0.5232834
0.55847799
0.50213622
0.55099214
0.55363623
0.52457396
0.56389594
0.55153605
0.55863385
0.53153378
0.55436081
0.4712858
0.54002344
0.55842758
0.59199602
0.51662228
0.53802175
0.51373464
0.52592505
0.50858616
0.56293169
0.56672039
0.47678353
0.4699691
0.53653897
0.53251121
0.55295714
0.50870834
0.59838836
0.53448814
0.55791583
0.61194378
0.55244697
0.55274044
0.57100807
0.469438
0.51002007
0.46036943
0.59338558
0.55585986
0.57494815
0.53404008
0.52891256
0.56531292
0.55864267
0.54270291
0.61674944
0.5732862
0.55647859
0.5749289
0.60003285
0.50966243
0.51152128
0.54670324
0.55393408
0.50930219
0.55199619
0.56545426
0.57301237
0.58842885
0.56486022
0.57542584
0.57710894
0.53544774
0.56325191
0.61307572
0.52820563
0.53278786
0.59899859
0.52969593
0.6410388
0.54159907
0.58562834
0.46145904
0.53083917
0.53896013
0.51732864
0.51956949
0.50029723
0.55042526
0.54301095
0.56722206
0.5909838
0.60035773
0.55698646
0.56058244
0.60759067
0.57074309
0.57539318
0.53954301
0.57579843
0.53525316
0.53280479
0.60666251
0.50674136
0.5379642
0.54856054
0.50029999
0.49573402
0.52812191
0.4756772
0.54232801
0.59488357
0.58571534
0.55727457
0.56079652
0.58195693
0.56193249
0.59105733
0.54698326
0.48817517
0.55247882
0.51138116
0.51582234
0.55579408
0.50567555
0.52603437
0.53501707
0.50521096
0.56219356
0.50976647
0.53511774
0.49769535
0.55361169
0.57097635
0.51178287
0.53992269
0.55686325
0.58846875
0.56248681
0.51857131
0.57224341
0.52583322
0.52254974
0.53713205
0.54889902
0.543056
0.53896216
0.53897959
0.55672661
0.54776423
0.5778683
0.55576291
0.49197767
0.57152401
0.49794441
0.5749265
0.58361948
0.5625062
0.56651692
0.55866806
0.55636894
0.56182214
0.56136487
0.60600609
0.56107297
0.61843274
0.53506022
0.52295137
0.49294925
0.57246553
0.57550804
0.62536248
0.5829695
0.598309
0.5542028
0.55210231
0.5373434
0.56365932
0.58452327
0.56883713
0.58108032
0.58769235
0.57433075
0.53737217
0.4865922
0.55779828
0.56091641
0.53777363
0.53115922
0.59959934
0.5410214
0.57184272
0.56649226
0.58682926
0.51982273
0.54598475
0.54389556
0.5964178
0.57672656
0.51700845
0.48385474
0.59527106
0.55572118
0.58577021
0.56165977
0.51010385
0.54149484
0.51689558
0.56483507
0.53290287
0.58294272
0.5328829
0.57562977
0.55920733
0.59707585
0.52762881
0.56098946
0.49833749
0.5430112
0.52766157
0.48430708
0.48800886
0.59931203
0.51540456
0.52003007
0.54791752
0.56789058
0.5686885
0.63816832
0.51538148
0.50919266
0.5068945
0.56636247
0.5767844
0.59570481
0.52621253
0.53943777
0.54664144
0.54917607
0.5940431
0.52981271
0.60354593
0.5302127
0.56538777
0.51220044
0.53137436
0.54024855
0.52208664
0.54169729
0.47480339
0.54522737
0.52524202
0.49074044
