1.03048504
1.08854198
1.00060643
1.08985924
1.06912194
1.07534712
1.06729284
1.04293978
1.07010475
1.04757371
1.05829368
1.06240263
1.04146957
1.01313376
1.02991804
1.05944051
1.01060509
1.02321762
1.07062493
1.0677366
1.04465193
1.05761061
1.07981385
1.04808691
1.03439572
1.00852769
1.04642093
1.05512528
1.0390805
1.04268682
1.03127029
1.04144474
1.05963368
1.06627832
1.09931639
1.07193316
1.07824929
1.05280801
1.02918248
1.0255953
1.06548627
1.05776795
1.05613515
1.00574573
1.08470149
1.02606699
1.05605025
1.05645053
1.04930295
1.08108133
1.03794279
1.05276598
1.04531666
1.05764936
1.0767784
1.01599351
1.0261838
1.07237373
1.07305946
1.02546561
1.01542597
1.10350659
1.03941691
1.04956715
1.00018501
1.02791387
1.05872737
1.06209893
1.05281717
1.03614563
1.03673343
1.06856518
1.01852431
1.0359355
1.06182434
1.03214221
1.053737
1.0989715
1.09064712
1.06211449
1.04534206
1.10469689
1.02995063
1.04128927
1.04681179
1.06606455
1.00604063
1.09835596
1.0335651
1.07118245
1.05656137
1.05735446
1.06706605
1.05801514
1.05595572
1.01465317
1.06495331
1.07325225
1.06895733
1.04570842
1.05721941
0.97501653
1.06579086
1.04270159
1.02485901
1.06559286
1.0209632
1.08818701
1.07012608
1.03621864
1.07811172
1.05650481
1.06255302
1.00936094
1.08157567
1.02581265
1.04386607
1.06925174
1.01942822
1.04606267
1.0267149
1.0301929
1.05234468
1.04376287
1.07361717
1.06929881
1.09553416
1.04191506
1.07275561
1.04419146
1.06509155
1.06068734
1.10626457
1.03499556
1.06292757
1.09696079
1.03243495
1.0666441
1.05518916
1.00354877
1.03749834
1.00033471
1.07672824
1.06982214
1.08190583
1.07738356
1.04046196
1.02403797
1.07005457
1.04619552
1.07220259
1.06439514
1.04166333
1.06169322
1.04019808
1.02974954
1.05751593
1.04349772
1.02310801
1.01165528
1.10122482
1.04852133
1.04209677
1.01399162
1.06209596
1.0279026
1.06607571
1.04922741
1.05559631
1.0882713
1.08465914
1.05284539
1.08052367
1.04072559
1.03079858
1.05339116
1.07669617
1.08587773
1.04410907
1.04893239
1.06526568
1.10301244
1.06452907
1.03839564
1.07662458
1.02744202
1.05236385
1.03811273
1.05020569
1.04549486
1.0531264
1.06196671
1.03281117
1.03312351
1.03305189
1.00589391
1.10100483
1.02864358
1.03090198
1.07944056
1.04595574
1.07373372
1.09013708
1.06023274
1.06190303
1.04652413
1.05125894
1.04812839
1.10345531
1.0584028
1.05117653
1.08092222
1.07331162
1.05732117
1.05836465
1.07683609
1.06770093
1.04887325
1.06183435
1.05527741
1.07887305
1.09990583
1.00149182
1.07839326
1.05250025
1.05997449
1.02682451
1.00546381
1.08170184
1.09246186
1.04051035
1.02232497
1.06392402
1.04573649
1.11409644
1.05999744
1.03614609
1.05684579
1.07897249
1.02893113
1.05878767
1.04026815
1.04030752
1.02279653
1.03723765
1.03995143
1.07556695
1.03077703
1.07115995
1.02292932
1.0448808
1.07983301
1.03440226
1.04332856
1.07048579
1.02639923
1.08233781
1.03809411
1.05538989
1.01484337
1.04882424
1.02735127
1.07349444
1.06118749
1.08458365
1.06014583
1.04830305
1.08042083
1.03636577
1.04379507
1.03065745
1.06428986
1.06174975
1.05870431
1.06274365
1.04581737
1.07652487
1.06162299
1.06969262
1.06063145
1.04742953
1.08084827
1.03006516
1.05737539
1.06826538
1.01552865
1.07451927
1.09332854
1.08122326
1.06530894
1.08972672
1.05584882
1.04445726
1.06422176
1.04989224
1.08607963
1.0305835
1.04276765
1.03479209
1.05841009
