0.81109692
0.84001131
0.84254403
0.83817878
0.82679898
0.81281811
0.81982799
0.76100672
0.78245413
0.81168676
0.85114294
0.78524381
0.79798302
0.82001256
0.81829088
0.80546614
0.85118023
0.81699712
0.80786921
0.86428447
0.78623352
0.8458692
0.87912027
0.82258499
0.83279191
0.84739972
0.81091144
0.80178378
0.79833855
0.8471004
0.86712466
0.82584629
0.79541978
0.86173804
0.83370374
0.84035611
0.78710678
0.83863169
0.88839148
0.80067432
0.84034721
0.83438295
0.78913882
0.80309457
0.74152202
0.8338316
0.80048697
0.81792258
0.77817123
0.79579043
0.83936477
0.80738878
0.82688605
0.8457791
0.81981723
0.78534751
0.83840308
0.82369338
0.75808026
0.79325996
0.85375679
0.84606454
0.80785977
0.83339839
0.83394165
0.86446108
0.84083996
0.85973837
0.78029989
0.81410474
0.79479389
0.84472778
0.80055663
0.8865339
0.7806367
0.79765254
0.83941025
0.82337296
0.79534358
0.83316171
0.83696205
0.84096416
0.83633224
0.86698166
0.82959356
0.84218843
0.80718452
0.87643028
0.82647972
0.81932592
0.79492528
0.76135031
0.79662395
0.83792623
0.80676217
0.72606665
0.82879176
0.83344879
0.82567634
0.82573898
0.82223296
0.82518775
0.83338704
0.78442189
0.7987901
0.82083374
0.76902696
0.86284669
0.87432743
0.81146826
0.83885631
0.7774345
0.86509035
0.82593228
0.84218126
0.8020266
0.8567979
0.86049256
0.85376824
0.85190224
0.85233495
0.85343556
0.80037597
0.77205754
0.84169008
0.83378481
0.78445698
0.78059003
0.81484432
0.81202305
0.83330617
0.87046745
0.85848182
0.8142782
0.80824881
0.79922198
0.8463001
0.83138414
0.79295045
0.80953993
0.78255659
0.8315061
0.84887499
0.88109194
0.82092838
0.84980313
0.78456463
0.85601161
0.82164544
0.80003432
0.8665627
0.85560947
0.82699979
0.77222897
0.83617798
0.83494895
0.83564096
0.82104698
0.81843237
0.83655945
0.8093973
0.81780815
0.86280014
0.8390351
0.83675581
0.86621842
0.8225519
0.81894751
0.80421855
0.89287179
0.82141393
0.81159034
0.84510598
0.79359672
0.84261857
0.83396237
0.82134258
0.84712486
0.86998945
0.82619501
0.84260544
0.75963406
0.84039078
0.80566098
0.84708085
0.79239261
0.84384078
0.79384779
0.87385758
0.82998757
0.87650316
0.8132273
0.8040598
0.80691063
0.81871248
0.84349899
0.89332574
0.83409765
0.82817439
0.83310539
0.82894374
0.85828936
0.87036144
0.78956904
0.84984258
0.84219319
0.80019275
0.78794374
0.76216767
0.79598189
0.79068837
0.89693966
0.82820204
0.82966163
0.81215798
0.81994141
0.84100572
0.77940266
0.84578717
0.86293837
0.81847779
0.79122364
0.8303701
0.79213086
0.82295832
0.84106656
0.76048519
0.82117962
0.81751986
0.82858683
0.8044932
0.87451009
0.78118843
0.85538475
0.81312872
0.82799225
0.82721695
0.81223029
0.82848022
0.84597253
0.81430578
0.75951404
0.77739253
0.88492285
0.86082632
0.78040495
0.804999
0.81832564
0.86362552
0.8034531
0.77776473
0.88069201
0.7916386
0.7744004
0.83452867
0.80764767
0.79718945
0.81629569
0.86195582
0.76978717
0.87569431
0.80673063
0.85201436
0.81811818
0.76666028
0.87441363
0.77567239
0.88065851
0.83061015
0.85695591
0.8911527
0.83307779
0.82270807
0.83411679
0.84934479
0.80798392
0.79380126
0.88072621
0.81993837
0.84204029
0.75398225
0.81439033
0.80236545
0.802983
0.82935521
0.81834058
0.81416789
0.78632964
0.79287652
0.85629269
0.86484958
0.77973903
0.81229421
0.84923441
0.84602685
0.8300729
0.85475523
0.86400012
0.86794354
0.87909331
