0.63022006
0.58420454
0.53804513
0.64253368
0.5939824
0.59324823
0.61150171
0.61458104
0.60920619
0.58289134
0.58279908
0.58009532
0.57245674
0.61457576
0.62431628
0.65952049
0.55853316
0.63162192
0.60493852
0.58721851
0.60314865
0.63973441
0.57480652
0.62879783
0.61970005
0.67858313
0.56976134
0.59781846
0.62753146
0.59808545
0.60393652
0.61271414
0.61238071
0.62444934
0.59286688
0.53838774
0.60109036
0.63858857
0.63038748
0.5999893
0.6549405
0.5600432
0.6342589
0.62578388
0.62092468
0.64702715
0.63416855
0.6144751
0.60900329
0.64434498
0.63470847
0.57676494
0.66489147
0.65134495
0.63958747
0.63571912
0.60534865
0.62693907
0.65154532
0.63084161
0.64196205
0.6041584
0.60473542
0.61681918
0.64581259
0.67255499
0.60006471
0.63552783
0.65840136
0.6093655
0.52353973
0.58194718
0.62405921
0.57281929
0.58181449
0.58459037
0.63939229
0.59616095
0.63007429
0.63480652
0.6483572
0.65562383
0.64007011
0.58484144
0.583919
0.58634087
0.63560781
0.58295459
0.59387756
0.65379597
0.67029829
0.58804316
0.54396096
0.5921444
0.60141707
0.66158081
0.57501234
0.64431925
0.63582786
0.6017907
0.61450006
0.58562594
0.59061328
0.61867217
0.62440189
0.62351354
0.58211584
0.56045413
0.56261269
0.61667029
0.60667692
0.60185448
0.55230606
0.62177204
0.6223623
0.5691112
0.59296407
0.54604411
0.64237729
0.56413654
0.61277781
0.6253225
0.60940555
0.62898512
0.61879236
0.58333298
0.64322872
0.5892742
0.59895561
0.59063786
0.6503666
0.62877224
0.60523282
0.6230327
0.61774684
0.55766079
0.60269425
0.56102465
0.63370995
0.65440262
0.65399934
0.57451481
0.64137805
0.62071386
0.59566086
0.61248355
0.61727623
0.64434245
0.57761155
0.5664738
0.65203913
0.55718059
0.62114538
0.62764639
0.57937831
0.58534734
0.63082228
0.61553638
0.64941148
0.65857993
0.5681269
0.60411997
0.58319337
0.62123448
0.70339389
0.59082844
0.60887745
0.60154088
0.63179848
0.55451559
0.64322354
0.61949332
0.61002691
0.57701103
0.6105066
0.67723503
0.61190272
0.60318363
0.63291644
0.61652689
0.60331377
0.66531263
0.63563801
0.57668881
0.61147855
0.61626533
0.65880106
0.61875097
0.59699102
0.64264211
0.5550056
0.64409029
0.6306964
0.62048932
0.61874657
0.67152369
0.574625
0.60559551
0.53787181
0.59744148
0.61263844
0.60974687
0.60703525
0.59935409
0.61523458
0.61963793
0.63284658
0.594865
0.58188502
0.62148304
0.5820931
0.63053238
0.60079732
0.64230501
0.60778186
0.63496428
0.60647524
0.59050326
0.54776454
0.56444253
0.65444502
0.64278895
0.65962984
0.63439071
0.59267055
0.56331395
0.63573178
0.56332924
0.61518409
0.63363644
0.6043593
0.59962152
0.67442506
0.59973515
0.64112637
0.60956279
0.58466148
0.5961236
0.56773075
0.65381825
0.64164591
0.58424303
0.61519216
0.60610117
0.60367426
0.53425875
0.6643793
0.6423886
0.61040509
0.67655072
0.62047565
0.61101424
0.59826298
0.61279507
0.61591365
0.61619636
0.5738105
0.66334153
0.61901239
0.62170119
0.64325623
0.60707579
0.60984891
0.6078294
0.59031667
0.5841999
0.6433842
0.63153372
0.674857
0.62311236
0.618575
0.55643254
0.64318068
0.56678792
0.6295531
0.62287349
0.60695893
0.65573683
0.55652249
0.62981473
0.65688747
0.61047016
0.60710652
0.62135368
0.62582485
0.57308987
0.61892555
0.63410451
0.59841139
0.66111976
0.60632962
0.56392504
0.58947941
0.62811747
0.61959853
0.63636681
0.63004413
0.63461038
0.59908696
0.56777373
