0.66430751
0.68663996
0.66462323
0.7004811
0.6846433
0.66991463
0.70147967
0.70402707
0.67147702
0.70335123
0.68688278
0.66535776
0.66602821
0.64968177
0.71631369
0.72814842
0.69419749
0.70407156
0.67888626
0.68231322
0.66580474
0.6907114
0.68930428
0.69234827
0.68460878
0.70663506
0.63779783
0.69813546
0.70997436
0.70218113
0.71113113
0.65180698
0.71049845
0.66390271
0.72834985
0.67811882
0.68577945
0.68376826
0.69488392
0.66396709
0.68596152
0.71434896
0.67713606
0.70417468
0.70734855
0.68333907
0.70844257
0.69415619
0.68277085
0.66179943
0.67768364
0.68820011
0.69472134
0.67313648
0.65219679
0.70094686
0.69222634
0.67767001
0.68868479
0.66033668
0.65415797
0.67465423
0.70566098
0.69561599
0.67774287
0.7067157
0.6648654
0.66452029
0.71431426
0.66629284
0.66705338
0.70160794
0.70415954
0.67972776
0.73934359
0.69812908
0.68996101
0.72662864
0.70312222
0.69814284
0.67724379
0.66181737
0.71542751
0.66199861
0.67351936
0.64650986
0.70682839
0.72509687
0.69738898
0.6696296
0.69278542
0.69822221
0.67370034
0.66575174
0.67363431
0.73065304
0.66820126
0.65670736
0.65525728
0.6981632
0.66200367
0.69632973
0.70007116
0.6959833
0.71398408
0.68779771
0.68581873
0.67760089
0.65433483
0.65084697
0.65686954
0.68765949
0.69679609
0.68062
0.68967213
0.70709576
0.67266508
0.74084639
0.70374906
0.66741033
0.65048794
0.69515133
0.67600126
0.68750093
0.70156001
0.63050088
0.64588738
0.68409991
0.70140011
0.67283238
0.7118489
0.66091023
0.69216214
0.69039273
0.72000917
0.63390927
0.65927076
0.67703492
0.69462762
0.6654272
0.69963801
0.70109689
0.69565108
0.66202658
0.69306817
0.69679211
0.69565312
0.75261022
0.69860695
0.6546788
0.71971051
0.63516677
0.6892565
0.65297281
0.71679376
0.6800547
0.68508554
0.69532428
0.6665378
0.71281341
0.70034272
0.65822599
0.68372236
0.70888895
0.65538064
0.71385841
0.72923233
0.67126132
0.69898183
0.70030055
0.68515318
0.66035197
0.68049696
0.68690832
0.68746426
0.69377473
0.70431217
0.68095212
0.73410821
0.68818301
0.69498171
0.69551131
0.67193622
0.68475968
0.66140805
0.6439748
0.66319075
0.66709004
0.68155318
0.66771264
0.69217433
0.6966419
0.69494274
0.6682695
0.70349196
0.6936122
0.65931559
0.66699735
0.69153177
0.6950818
0.6453976
0.68679777
0.69049541
0.69945398
0.71812195
0.69645523
0.73797276
0.6778397
0.71020843
0.7322423
0.64364603
0.69454502
0.69166617
0.68310644
0.69212025
0.70209824
0.69473501
0.68395997
0.68967464
0.69492462
0.65195988
0.67700449
0.69567334
0.70613034
0.70820909
0.6764442
0.69216955
0.70447728
0.59142407
0.67770715
0.68166372
0.68911538
0.69689223
0.68116212
0.67353653
0.6642576
0.65906572
0.68447607
0.67162986
0.70346044
0.70701098
0.68917689
0.72516571
0.6607483
0.66362374
0.65754023
0.65293912
0.69106996
0.68665983
0.70798465
0.68896362
0.68562261
0.65861981
0.66867921
0.64921028
0.71227006
0.70111523
0.66173933
0.66289965
0.68406726
0.68291508
0.70130533
0.66093005
0.70308504
0.71262068
0.70551769
0.69367969
0.68293933
0.69840199
0.66430873
0.72002264
0.68302233
0.64613782
0.70844169
0.67390493
0.67687864
0.64293638
0.69447971
0.70040608
0.68914727
0.68475622
0.70132732
0.67954271
0.6644749
0.64628184
0.70321153
0.72771124
0.65192727
0.65693702
0.66266225
0.66897996
0.67145587
0.64837372
0.70469526
0.66234736
0.68116996
0.65025708
0.64653658
0.6499929
0.68358129
0.63879154
0.64761365
0.68441819
0.70201355
0.67565946
0.67432083
0.66284692
0.65244839
0.68134537
0.67608331
0.68076586
0.68227781
0.65114212
0.70682428
0.70136574
0.66461674
0.68606698
0.67501536
0.64619217
0.65192753
0.64021121
0.6210584
0.68232804
0.65060033
0.65934338
0.66679907
0.69063218
0.70032027
0.68897661
0.6804184
0.70231973
0.63779378
0.67290238
0.67261573
0.66036822
0.68004153
0.64496949
0.64706372
0.68432241
0.68174221
0.68345175
0.67068005
0.6880121
0.69033403
0.66408261
0.65581636
0.64537066
0.64234559
0.69501944
0.69714253
0.66627831
0.70271069
0.64899546
0.67934994
0.66085548
0.65538339
0.65025739
0.65086262
0.65308619
0.68156736
0.67542627
0.71081098
0.63954927
0.68875266
0.65339979
0.62358373
0.63306005
0.70493494
0.66091723
0.70327304
0.68043811
0.68313112
0.62943284
0.67941866
0.7160575
0.70471931
0.66884314
0.6688379
0.62126698
0.67887032
0.67227189
0.6840369
0.69949587
0.69387776
0.66119454
0.69201561
0.67144523
0.6579071
0.6265916
0.68539445
0.69138881
0.70110458
0.69200195
0.69945999
0.60486197
0.70357582
0.668707
0.67812726
0.69895393
0.68975393
0.68625834
0.66400793
0.63458652
0.65888449
0.67726062
0.62082595
0.67227116
0.70172804
0.67196701
0.6263846
0.68979463
0.63491378
0.68242595
0.68133783
0.68635076
0.63141771
0.68194036
0.68210689
0.70225232
0.70437746
0.65815947
0.6770585
0.70628133
0.63588986
0.65386111
0.70492331
0.69050721
0.65246255
0.68862215
0.70112352
0.67378822
0.66693599
0.64052582
0.67348282
0.67462373
0.65890846
0.67318599
0.70033223
0.66905293
0.6997418
0.67234384
0.68822187
0.67622817
0.7288383
0.66733846
0.69373384
0.7377242
0.67123746
0.69239533
0.63854782
0.6890962
0.68575115
0.6826065
0.7032827
0.6866702
0.70031858
0.69601377
0.65575531
0.68850628
0.69146984
0.66033457
0.57778801
0.662743
0.66183749
0.66786383
0.72745334
0.60422338
0.70743899
0.66464701
0.66542004
0.64922425
0.68865502
0.70458838
0.69161811
0.65306032
0.67567443
0.68528506
0.66327476
0.68151981
0.67246531
0.69687475
0.71281283
0.64878685
0.64368632
0.68310683
0.72215431
0.71771707
0.63037191
0.67940312
0.65220276
0.67603036
0.70593768
0.62038878
0.69348861
0.65494614
0.65584834
0.68734321
0.6668541
0.65082787
0.71297181
0.70475026
0.68435294
0.6755221
0.69973663
0.70004377
0.69415663
0.67753861
0.68197494
0.68036604
0.63906945
0.64613203
0.65554897
0.64070972
0.66268202
0.67456174
0.7005137
0.67588243
0.67226165
0.69048774
0.65742585
0.65963059
0.64295528
0.68465816
0.68012189
0.64869274
0.66344477
0.68430124
0.68231073
0.68212442
0.68702295
0.71421432
0.67278024
0.69955203
0.62976457
0.71985076
0.63653483
0.67565619
0.69445091
0.63577639
0.70146272
0.66997107
0.68400794
0.65191798
0.70904146
0.67563543
0.71014292
0.66558236
0.66902457
0.63283716
0.66082184
0.67884127
0.67092262
0.71044634
0.70102116
0.67097855
0.65459512
0.68182022
0.64583947
0.66497249
0.70567688
0.6870881
0.67298366
0.66765195
0.65270243
0.66939512
0.67617673
0.64486899
0.67830387
0.70080292
0.69350551
0.71525565
0.66364121
0.65682374
0.66211933
0.65830811
0.70097426
0.63708979
0.69395479
0.69431202
0.66300657
0.64367713
0.67141152
0.69316284
0.67859675
0.65682297
0.68215855
0.72018484
0.66049796
0.67480069
0.67940221
0.63054789
0.66489285
0.68917196
0.69420838
0.68970194
0.6889017
0.67962456
0.66961311
0.67617201
0.65750906
