0.58118446
0.53560293
0.51332793
0.57601072
0.53808725
0.55530258
0.54806933
0.4841845
0.55497302
0.53031969
0.52526913
0.53261992
0.52200381
0.55005355
0.49728319
0.56381044
0.49550998
0.55627972
0.55282641
0.48958038
0.52007511
0.59713087
0.51528366
0.58074929
0.5491083
0.57909588
0.53881654
0.56867345
0.52914336
0.57535775
0.57976357
0.50799776
0.52869895
0.52330234
0.56498896
0.60380228
0.5486861
0.53471675
0.54126787
0.48444845
0.5642796
0.52803024
0.55382504
0.52120783
0.52554652
0.56315277
0.56336477
0.56279776
0.55747005
0.55358444
0.58163086
0.53140346
0.53801967
0.47737825
0.57682701
0.52524964
0.53140019
0.53485396
0.53619239
0.54616659
0.58551788
0.57184775
0.48107408
0.5469329
0.50387845
0.54412548
0.56287255
0.51260378
0.56015793
0.54859907
0.53948965
0.56957946
0.55739363
0.56493859
0.52630017
0.53978915
0.52698539
0.56395738
0.5822353
0.52709976
0.51461407
0.54618419
0.50369268
0.50645318
0.532212
0.52694388
0.55765496
0.54153201
0.56373187
0.5459806
0.55273618
0.57731249
0.53933438
0.5205007
0.56995618
0.49327864
0.5436754
0.51558075
0.5601553
0.54758285
0.54038433
0.5742296
0.58263839
0.54196194
0.50552346
0.57039519
0.52206414
0.55095722
0.51496237
0.5260762
0.5310437
0.4912855
0.55361702
0.55738268
0.5215685
0.52015369
0.53380859
0.56226838
0.50511676
0.53333887
0.49539038
0.53745659
0.58452799
0.54792792
0.45229866
0.52138741
0.50063542
0.56151571
0.49651687
0.51687437
0.57434322
0.50318609
0.55148221
0.55347911
0.56386168
0.53851448
0.50350439
0.51193104
0.56106752
0.57384186
0.53721849
0.50895695
0.5829904
0.5223119
0.52067672
0.51568186
0.54322252
0.53060495
0.54958573
0.537677
0.53546601
0.57291062
0.54547991
0.52866088
0.5170565
0.56450769
0.54852195
0.52539971
0.57262785
0.52483269
0.5458404
0.52690375
0.53287875
0.53519507
0.50788476
0.57449542
0.5722444
0.51562099
0.54138891
0.51824818
0.51327576
0.47837362
0.57419831
0.56313233
0.52902567
0.49105676
0.51210242
0.54285549
0.52350991
0.5546876
0.60299495
0.54730738
0.46556411
0.58336085
0.5176215
0.55875377
0.51968012
0.48427755
0.57616349
0.51138789
0.51969522
0.57381339
0.51308553
0.51894864
0.52984883
0.52785166
0.55226722
0.57647455
0.49099941
0.51558268
0.53108518
0.52254367
0.52774336
0.57302142
0.57663621
0.55220895
0.52390447
0.5262928
0.53554717
0.5234257
0.54982731
0.47458271
0.55582937
0.5467588
0.50398981
0.53622092
0.54442857
0.50061063
0.52368875
0.58381577
0.56154042
0.50523796
0.52023598
0.5440847
0.50965354
0.52626057
0.50570537
0.51158946
0.58105064
0.55748614
0.55285499
0.51350093
0.51580144
0.50528332
0.56104065
0.53032419
0.56912169
0.55491374
0.53655431
0.52441939
0.51631855
0.52933252
0.51696793
0.55381191
0.55210287
0.5561308
0.50596794
0.53631274
0.5743073
0.53450238
0.53867543
0.51434076
0.54319675
0.55169078
0.51076039
0.49563812
0.5143677
0.49166568
0.52495085
0.52678377
0.56729465
0.54304969
0.55510718
0.54801303
0.54910612
0.51570089
0.45061035
0.52952371
0.52027468
0.56030495
0.57209134
0.55323961
0.54462654
0.55883365
0.53506805
0.55338241
0.51944593
0.54061139
0.53194513
0.51783104
0.50966866
0.52289642
0.55139261
0.54041505
0.55552646
0.58309592
0.59346107
0.5495365
0.5562727
0.50694722
0.52780615
0.55060682
0.56284011
0.51636691
0.4968874
0.52674454
0.52993427
0.58583113
0.56586688
0.55358234
