0.89939146
0.9114087
0.92135946
0.88873712
0.93635874
0.92996208
0.90658348
0.85636987
0.91866943
0.90941741
0.88639377
0.87154222
0.91014538
0.91167571
0.92309796
0.90598372
0.88164025
0.90682978
0.94660131
0.86783357
0.88168933
0.85045404
0.85678738
0.92456248
0.92231105
0.9373633
0.90198261
0.87468192
0.8962912
0.87793906
0.90261956
0.86792377
0.87976588
0.86644111
0.9143869
0.92072313
0.92462963
0.84526412
0.90449046
0.90324618
0.89906691
0.90301106
0.88402168
0.93007601
0.92712577
0.93063912
0.90818243
0.86500078
0.88339219
0.914802
0.94786072
0.95468146
0.91560948
0.87581058
0.89468451
0.95260651
0.89981434
0.88862906
0.86495666
0.91414791
0.9171243
0.89004748
0.93329806
0.93855783
0.86912532
0.9287183
0.93923872
0.9447506
0.90003387
0.87887489
0.90032068
0.89163834
0.94567539
0.89295584
0.87185032
0.90773823
0.898142
0.88712051
0.90023303
0.87271287
0.89248548
0.9081462
0.9232564
0.92821303
0.9240088
0.89582951
0.90095514
0.90228459
0.88787317
0.92770952
0.91508621
0.90444328
0.85972823
0.90120079
0.94652445
0.88115702
0.92871533
0.92290392
0.91596549
0.89470621
0.89505681
0.92136999
0.85574984
0.93004393
0.93290171
0.91601179
0.85537941
0.88139609
0.90166788
0.85241011
0.95038785
0.92706072
0.90371337
0.89989538
0.91504129
0.89312792
0.90751188
0.86692883
0.90805806
0.90441344
0.86019239
0.88462835
0.89785167
0.88577482
0.91302463
0.90600525
0.91668871
0.92166904
0.89748125
0.93213064
0.908003
0.917993
0.86368288
0.91956037
0.88589361
0.93998225
0.88422416
0.91566371
0.8481386
0.93174582
0.90597031
0.87143032
0.91738561
0.89884572
0.88356733
0.9003502
0.92830639
0.92657468
0.91289601
0.94173188
0.90882059
0.89558361
0.84904197
0.93271738
0.92240758
0.92795686
0.93989725
0.8762386
0.92893381
0.96935026
0.9027843
0.87948039
0.93578837
0.90973672
0.90829045
0.88354228
0.88470464
0.9272309
0.9363168
0.93410387
0.92243184
0.90112317
0.88207532
0.88336154
0.93242077
0.91210796
0.93247111
0.85131803
0.93450276
0.88240649
0.88599938
0.92130473
0.9166036
0.91031195
0.89523312
0.89512886
0.88341856
0.89701178
0.94275652
0.92899553
0.90481427
0.90684015
0.85713096
0.86009273
0.94232599
0.88853758
0.89335052
0.9178251
0.88774307
0.90499324
0.91287472
0.91778733
0.93585541
0.95879575
0.93444607
0.90548456
0.90847518
0.87981867
0.92920824
0.95337758
0.95897682
0.89018081
0.88600163
0.87432357
0.89344118
0.88691077
0.85155893
0.92288275
0.8549261
0.90785731
0.92690126
0.91479555
0.89026889
0.89366642
0.92689182
0.89192554
0.91586249
0.8838412
0.94725371
0.91081877
0.92203585
0.89298907
0.8735961
0.89683807
0.9473386
0.89266188
0.92257205
0.90220127
0.91182375
0.89715768
0.89658545
0.87328678
0.89491394
0.88554505
0.93271024
0.9044644
0.91276787
0.90974107
0.9436166
0.93698621
0.88704727
0.933496
0.9400374
0.9183718
0.91100436
0.89374263
0.91117127
0.90676439
0.9132701
0.94521525
0.88611246
0.9011422
0.88464318
0.90538701
0.89629959
0.90364841
0.9193667
0.91087953
0.91541726
0.90211716
0.89351797
0.9271115
0.90615207
0.93381152
0.95078547
0.91458974
0.92033475
0.94593658
0.90328399
0.93468129
0.90677153
0.93339566
0.93064557
0.87983291
0.89800991
0.89235014
0.88771201
0.94943609
0.91253879
0.92769422
0.90128448
0.92980118
0.89604613
0.86235008
0.90120475
0.9535918
0.93742813
0.90339451
0.91759118
0.87752169
