0.66255062
0.65763099
0.67680653
0.62744706
0.66112862
0.68821502
0.66249246
0.64376659
0.62890102
0.64931853
0.6339457
0.72042543
0.67920768
0.6905107
0.70095022
0.66953875
0.64519614
0.64151757
0.62833648
0.61487081
0.68527245
0.65825492
0.63441823
0.65004132
0.69955555
0.64756746
0.69063816
0.64657627
0.70134589
0.72915414
0.6883789
0.67253134
0.66357766
0.67280937
0.62785369
0.64090685
0.66776278
0.65137466
0.63652746
0.66699508
0.69304289
0.67118292
0.6895858
0.67497855
0.65934081
0.62790285
0.65226195
0.70956431
0.67410938
0.73464369
0.66721048
0.64321379
0.65094848
0.7076701
0.68025768
0.66901385
0.64349359
0.67459689
0.64954422
0.68392357
0.69277158
0.68508282
0.68503669
0.6751103
0.68208929
0.65409152
0.64565057
0.70790601
0.63708163
0.69439645
0.68492235
0.66635577
0.69383045
0.64344106
0.67511543
0.69372986
0.71352989
0.66366286
0.67036782
0.64001706
0.62381772
0.65273253
0.68668515
0.66532587
0.61275201
0.66499339
0.66031536
0.64962757
0.66629891
0.67071753
0.68327168
0.6579904
0.64913261
0.68787417
0.67129045
0.67783103
0.66411269
0.63565144
0.68122814
0.64668792
0.65024003
0.66235973
0.67754557
0.68352042
0.66214797
0.68130311
0.6466795
0.68734651
0.66988005
0.70016831
0.65898059
0.66881478
0.63677781
0.65709858
0.69372519
0.6516575
0.60570602
0.65816386
0.70498592
0.70378607
0.74119805
0.68127094
0.70132093
0.67854295
0.67721428
0.6903832
0.65671493
0.6685734
0.67474905
0.68877595
0.65964306
0.66027421
0.61722131
0.65371663
0.72605484
0.64348613
0.65718986
0.66887327
0.62689136
0.6893455
0.69145008
0.65223733
0.6590826
0.68541795
0.68509382
0.69521181
0.65430458
0.67426536
0.68208491
0.62776252
0.68822893
0.63960468
0.67530608
0.6871851
0.68014202
0.60245978
0.66985932
0.68370389
0.6585491
0.65705105
0.64344812
0.68909701
0.68823131
0.68259744
0.72279771
0.67255416
0.68840387
0.68152241
0.63558718
0.67293878
0.69290111
0.66999252
0.66367522
0.70936633
0.72336411
0.67440878
0.65738783
0.67337966
0.66042515
0.67609723
0.64917367
0.68408983
0.66531702
0.66635349
0.66350961
0.66785124
0.68392665
0.65368565
0.70491506
0.68895322
0.68605196
0.67257969
0.65390839
0.67305898
0.67909594
0.67979373
0.64214051
0.68139113
0.66889433
0.67858291
0.65653287
0.61924057
0.66846341
0.63877427
0.69697781
0.6710868
0.66572029
0.60932812
0.6694891
0.619567
0.70338914
0.66349517
0.67541959
0.6944464
0.6384635
0.67916333
0.69616452
0.70072473
0.63230945
0.66203288
0.64294309
0.6460861
0.66098805
0.71089115
0.66335415
0.71076978
0.68661138
0.63525208
0.67935435
0.66740274
0.66550299
0.71123016
0.67673516
0.666861
0.67980268
0.67386323
0.67700357
0.63454062
0.7044048
0.68939049
0.67570362
0.7046516
0.65783333
0.66152348
0.65412099
0.66721978
0.63701951
0.69473934
0.65676391
0.68264792
0.67342599
0.6588012
0.67290472
0.63821115
0.67780673
0.64083839
0.63441586
0.69963628
0.64917744
0.6792127
0.66492963
0.6034245
0.70008784
0.65612643
0.67539185
0.66485319
0.68748831
0.68293278
0.66597694
0.64002627
0.637656
0.62327741
0.6717974
0.68263449
0.67410833
0.65890098
0.6461164
0.69850814
0.66783917
0.65932828
0.66841
0.68693012
0.71044983
0.68111297
0.66292049
0.62022658
0.7286112
0.70277188
0.66997396
0.62944824
0.66123125
0.62268622
0.64316996
0.67391381
0.6881936
0.7014965
0.66592114
0.68573489
0.67784986
0.68496526
