0.62235579
0.59402135
0.65513782
0.64177116
0.63693133
0.62837587
0.59510495
0.66042193
0.60925932
0.62910294
0.6044655
0.62455154
0.66956985
0.65124194
0.61993712
0.62966681
0.64296077
0.62727251
0.64503276
0.62198148
0.63293485
0.65848522
0.62865333
0.62791586
0.60890267
0.60503301
0.65047707
0.63369572
0.65076054
0.58498955
0.60740098
0.61201598
0.59706495
0.67480274
0.61626566
0.66431065
0.63784182
0.62245081
0.62358815
0.67374941
0.65303775
0.63409415
0.64133391
0.63759802
0.6994642
0.64893961
0.66776012
0.70183997
0.61576918
0.64679106
0.66065809
0.64292921
0.65147456
0.67026985
0.66446114
0.63625995
0.62214558
0.65566688
0.64093641
0.60880635
0.67185052
0.62793458
0.65109765
0.66182935
0.62240638
0.64188673
0.65008093
0.63650827
0.66794304
0.65960597
0.65142869
0.6596821
0.6562549
0.60349978
0.62416273
0.65112828
0.65239219
0.63377869
0.67537865
0.65889084
0.66950232
0.56412317
0.66861169
0.67554705
0.61070059
0.65494248
0.64423286
0.65285197
0.64211174
0.67795735
0.64219015
0.64920532
0.66683419
0.65677469
0.61688323
0.6446177
0.60840731
0.66705767
0.6086096
0.67133061
0.62338019
0.64124455
0.66126321
0.60754276
0.59667543
0.6504929
0.62789761
0.6976807
0.58968388
0.67509543
0.66121777
0.64697067
0.641276
0.66711646
0.6594539
0.65199039
0.66320856
0.61433808
0.68659288
0.6455636
0.62689728
0.66309312
0.66365568
0.64644796
0.65618769
0.6777841
0.67085132
0.60038443
0.69552025
0.60832594
0.64338376
0.65810755
0.64597291
0.6500768
0.65993262
0.62085597
0.61109809
0.66144874
0.635291
0.64803407
0.54651671
0.62955642
0.61717196
0.63449701
0.6386422
0.64408818
0.65305073
0.61629009
0.61729299
0.62867552
0.61731176
0.65419089
0.66725969
0.64625682
0.66518908
0.66835433
0.65137297
0.60996198
0.66101849
0.64076251
0.67390631
0.66986459
0.64249454
0.60584597
0.62497097
0.63081173
0.57256887
0.64158367
0.62985779
0.66302301
0.63530076
0.6515036
0.61576615
0.58962933
0.62372309
0.63082626
0.67841428
0.63964306
0.65200512
0.61958902
0.62619671
0.65071612
0.64089117
0.67164961
0.66045313
0.6740518
0.6175101
0.65744404
0.65333666
0.61206401
0.68126525
0.62817062
0.67259151
0.65778221
0.63041496
0.66626361
0.66088871
0.67120504
0.64520892
0.62381075
0.64420952
0.6501997
0.67434499
0.59041998
0.65623997
0.62755593
0.66236838
0.63576829
0.65193429
0.64083083
0.65326243
0.61944608
0.65951903
0.64595205
0.68050022
0.58112942
0.65749403
0.63608417
0.61579429
0.63663583
0.60083959
0.61753895
0.63868866
0.63385838
0.59633464
0.66056677
0.62679847
0.66521519
0.66253674
0.60448781
0.63358384
0.65141645
0.68740751
0.65087162
0.64760145
0.61803386
0.6386537
0.66561773
0.61506383
0.64258413
0.63044558
0.66712857
0.6469553
0.6719231
0.69316426
0.64772924
0.61409023
0.63892193
0.62857695
0.65236707
0.59929145
0.646179
0.61173921
0.60332537
0.62672032
0.61648199
0.60710014
0.66649327
0.67234234
0.64814793
0.67383126
0.65756292
0.66221147
0.66373433
0.65428143
0.67563326
0.62871031
0.68859035
0.69708413
0.66203662
0.6470182
0.6189461
0.60577417
0.6772973
0.60378241
0.65992955
0.61754059
0.66943196
0.58294749
0.66084947
0.60097641
0.60446953
0.60330941
0.62881784
0.65564276
0.63841277
0.5870669
0.66168181
0.57113339
0.67772353
0.63375902
0.65499842
0.63369105
0.65644739
0.61631268
0.6251569
0.6845916
0.64651289
0.64269903
0.62698684
