0.79259503
0.6999464
0.76005463
0.78189249
0.81016588
0.79561771
0.72216794
0.79078898
0.77120985
0.81391897
0.79289298
0.76312481
0.8010629
0.79296548
0.77392831
0.76895743
0.75959312
0.7771506
0.78574646
0.79759621
0.80096544
0.77807983
0.78094721
0.77274121
0.80030786
0.80508581
0.7559523
0.72334738
0.76009647
0.81739946
0.71956866
0.78233154
0.76026245
0.78237424
0.76378847
0.78490031
0.76332001
0.78953192
0.7822466
0.78333314
0.74953852
0.76071437
0.7742026
0.76747529
0.82030234
0.77486949
0.76245926
0.76930676
0.76024843
0.76279418
0.73858996
0.79679386
0.73713623
0.77738641
0.81017667
0.78766598
0.73419137
0.7925068
0.78797075
0.70715121
0.75246092
0.80112564
0.73990298
0.73640836
0.78948934
0.75087648
0.80099689
0.77156964
0.76213893
0.76450945
0.77520276
0.75859691
0.78846042
0.76419998
0.67046708
0.77896265
0.76912555
0.78676419
0.81882297
0.76237622
0.7543243
0.80701635
0.70961518
0.7369126
0.77176087
0.78635763
0.73189624
0.83586303
0.73659279
0.68503192
0.72905437
0.72601875
0.79274869
0.77570876
0.81192579
0.72948549
0.76931103
0.71082179
0.71780858
0.81787099
0.78637372
0.7405185
0.74226417
0.77624635
0.72546372
0.78386643
0.82203099
0.78724835
0.76619278
0.75646192
0.75893314
0.78294243
0.74047111
0.75780452
0.66867913
0.78479819
0.7737122
0.79751845
0.81701606
0.77179801
0.7310823
0.7583832
0.74782101
0.77147943
0.75372182
0.72561048
0.77261089
0.79941282
0.75337986
0.78440494
0.76547487
0.78542186
0.74843322
0.76906371
0.75941379
0.72136255
0.80284261
0.79424411
0.79004319
0.76847379
0.808023
0.78091432
0.75716514
0.76199016
0.73029099
0.76787064
0.74860064
0.76119606
0.71534163
0.69963514
0.80930601
0.75652585
0.77429059
0.77013598
0.72609145
0.77079968
0.74088407
0.70911969
0.7178525
0.79984709
0.78460553
0.76441264
0.71411553
0.80619118
0.76990306
0.75636224
0.75739824
0.77253649
0.74115142
0.77313421
0.76060143
0.81076236
0.77077
0.78984197
0.71800203
0.77601758
0.73990779
0.8086852
0.8372402
0.7306282
0.79654737
0.81515912
0.74322554
0.77741645
0.80160635
0.77832738
0.79209594
0.7073773
0.74364048
0.77738835
0.80969923
0.8064534
0.78966008
0.81839503
0.73125744
0.72081434
0.77587053
0.79608164
0.73887562
0.80747567
0.75526601
0.81393153
0.74796624
0.77384626
0.73019722
0.70117014
0.7535614
0.83717922
0.76539831
0.78507168
0.72796514
0.78563835
0.79241482
0.76465696
0.75493335
0.78771024
0.81944518
0.78164151
0.77486708
0.80808224
0.79085772
0.77660241
0.77638071
0.77175241
0.77539863
0.80442772
0.7831091
0.80518116
0.76326478
0.70611254
0.77817082
0.79770682
0.71726779
0.76345553
0.76871571
0.78341761
0.75556775
0.70046479
0.79187326
0.79052566
0.79515633
0.73199869
0.79910355
0.79173036
0.76150186
0.7909547
0.7948745
0.8256649
0.79155403
0.776801
0.78527042
0.78339015
0.76485862
0.74503852
0.75574304
0.7766075
0.77084476
0.77480636
0.78601352
0.80969499
0.77616246
0.76122371
0.80571572
0.79178092
0.75978127
0.79735637
0.81395647
0.7644261
0.83177959
0.78085908
0.73881275
0.75154629
0.75367726
0.78173388
0.75808469
0.70897013
0.76727938
0.76246107
0.7547056
0.78430706
0.73940207
0.81083512
0.73013678
0.73229983
0.80464672
0.77909844
0.77331576
0.79377422
0.7392025
0.80753236
0.72303163
0.79831276
0.81033061
0.80559719
0.74646005
0.77194111
0.79331508
0.78359327
0.78966127
0.73890727
