0.54370603
0.55657227
0.5368649
0.54708704
0.53554733
0.4793631
0.54928374
0.5502953
0.49561427
0.55672469
0.55575022
0.51929412
0.5351342
0.56226474
0.55996889
0.49681619
0.53123918
0.54069011
0.51706339
0.58700282
0.57512936
0.54268335
0.47889502
0.51641235
0.46327436
0.53246079
0.51485346
0.53910144
0.55530732
0.53400669
0.57294982
0.56141482
0.55086489
0.51434438
0.52421667
0.5521518
0.52445799
0.52566207
0.59231613
0.5148725
0.53829699
0.50578921
0.54230131
0.56099029
0.53291835
0.52921651
0.56069965
0.56848961
0.53784269
0.53732128
0.53426276
0.56198244
0.53545174
0.56896752
0.52664203
0.47753955
0.53558998
0.54212004
0.55563339
0.55810502
0.50866241
0.56681221
0.50927256
0.58151384
0.59558924
0.57339977
0.59475834
0.54530219
0.58312197
0.53275535
0.57540197
0.5459087
0.59721835
0.57215392
0.51051742
0.52821413
0.54235873
0.48063752
0.53435301
0.5402895
0.51945407
0.56284071
0.567138
0.551784
0.57805673
0.53815048
0.51732131
0.5199992
0.57709205
0.58635069
0.53572252
0.53480314
0.52415509
0.52043934
0.50396798
0.56271719
0.51448547
0.61192866
0.52183613
0.59954729
0.5460282
0.5308893
0.57066038
0.55656337
0.52193531
0.57305137
0.54414299
0.5354106
0.53354352
0.55093313
0.57586708
0.55963843
0.5637935
0.57479619
0.52291767
0.54728211
0.58372603
0.52958916
0.51535787
0.55147837
0.54077136
0.52505217
0.59308498
0.5589284
0.55437142
0.55237403
0.56310346
0.55220941
0.49875253
0.53617205
0.54431429
0.54238709
0.52202955
0.55014874
0.564509
0.57640282
0.55898753
0.54432932
0.53262941
0.52988657
0.52173001
0.57026306
0.56445076
0.55042527
0.56266063
0.54530268
0.53807083
0.5338816
0.55387672
0.58586436
0.57187491
0.50928244
0.48710766
0.54134741
0.58197544
0.57243342
0.51626266
0.52294494
0.55023061
0.55229443
0.52972194
0.54300406
0.54277616
0.50839805
0.54149092
0.53002054
0.53036492
0.55148531
0.53090331
0.5300718
0.55020227
0.54616948
0.53376444
0.54336024
0.55826286
0.5581306
0.53317675
0.53607266
0.5601387
0.56414402
0.55331053
0.56001641
0.55807383
0.53317831
0.56796406
0.55469494
0.53498474
0.527518
0.53198282
0.5316068
0.52791035
0.56351568
0.54696971
0.58129596
0.53353108
0.51504246
0.55272155
0.54724396
0.525327
0.58178343
0.5440135
0.48441381
0.51705609
0.56069507
0.57372772
0.55913197
0.58250041
0.53246019
0.54205034
0.52885417
0.51741379
0.53664037
0.56336503
0.58863968
0.51822429
0.51508636
0.59336861
0.53355787
0.54444211
0.52138562
0.56255955
0.48268971
0.53681544
0.51776004
0.49790868
0.56464061
0.50473256
0.54049706
0.51951854
0.57232905
0.54863088
0.54633207
0.53954143
0.56432584
0.53850023
0.54739507
0.54871373
0.52500643
0.60630135
0.53700567
0.50986916
0.54673918
0.54934762
0.5838009
0.57732409
0.55018107
0.56105832
0.57443062
0.59250037
0.51986019
0.56119676
0.51039673
0.57703355
0.49763843
0.55386514
0.54477896
0.56882968
0.57111247
0.4958751
0.56455709
0.51316875
0.56889098
0.59598063
0.49583156
0.60581143
0.56002621
0.5443175
0.53079148
0.51644431
0.54641779
0.53847022
0.52068787
0.5858205
0.55373469
0.54382329
0.57876989
0.51743811
0.5459851
0.60736023
0.52484147
0.50427727
0.53834604
0.52926103
0.53477273
0.54013392
0.54219533
0.57238838
0.53650547
0.52185573
0.52650563
0.53481209
0.57124074
0.49951505
0.54143015
0.54391213
0.50690213
0.54895356
0.55340774
0.55087526
0.57998035
