0.7840696
0.78838657
0.78531174
0.81742741
0.7659767
0.79748914
0.75333456
0.83848353
0.78468193
0.79274657
0.82272232
0.80300168
0.81979103
0.77445255
0.78827724
0.78908907
0.81883355
0.78724226
0.79050755
0.76775857
0.78394927
0.8041306
0.74499278
0.80354872
0.82428359
0.82501642
0.79542068
0.81703109
0.75451148
0.82269827
0.78924139
0.7912717
0.77147552
0.78524584
0.79774738
0.82537896
0.79843068
0.78612284
0.74011614
0.80068192
0.81089672
0.80893867
0.80337555
0.7861659
0.79167251
0.81452884
0.81278065
0.80814255
0.81626151
0.81007278
0.79657406
0.83070492
0.81145136
0.78372849
0.82995834
0.79984526
0.81248144
0.81250747
0.81190428
0.77467624
0.75461314
0.78795313
0.80003014
0.7709774
0.83656821
0.76876414
0.76436433
0.79301151
0.78558951
0.8071248
0.79759179
0.79652077
0.76913255
0.78426323
0.82878311
0.78369075
0.76982062
0.81294346
0.71329062
0.82766305
0.78204087
0.77869931
0.79077591
0.79293637
0.78983267
0.78822855
0.80402369
0.82066442
0.80458501
0.74827111
0.78643935
0.80814838
0.76710717
0.74495056
0.7727509
0.79664724
0.76608713
0.7651485
0.7460345
0.74444357
0.81268361
0.8296642
0.82113217
0.79649696
0.80764355
0.73284401
0.75752691
0.76588225
0.78456308
0.75840725
0.81557832
0.78875141
0.79545022
0.81317293
0.76333125
0.82532689
0.79429441
0.79042184
0.77445724
0.79403456
0.77394058
0.7998606
0.81467109
0.82105684
0.78361999
0.79823865
0.81762239
0.76130366
0.79544372
0.80755718
0.76483117
0.79149868
0.8045091
0.81622312
0.77627583
0.84781849
0.76789458
0.806929
0.81948656
0.80845711
0.74602887
0.79930181
0.79012465
0.76010535
0.72494414
0.78285866
0.8307106
0.767745
0.80001717
0.79906211
0.82226346
0.78845105
0.79061756
0.81009743
0.78739872
0.77767569
0.79380233
0.82691214
0.82879131
0.84018471
0.79416425
0.82217001
0.76016407
0.8099181
0.76168725
0.78994839
0.79122907
0.76736389
0.81792354
0.81082252
0.77564061
0.76809454
0.84430292
0.75898223
0.79108581
0.86371157
0.83701296
0.83360095
0.80578317
0.83348309
0.75611286
0.82058313
0.75962446
0.83047153
0.82152943
0.78761614
0.79569306
0.78972109
0.79056751
0.76781577
0.76832393
0.76417843
0.8307172
0.81512634
0.74558611
0.76317318
0.76592141
0.82529452
0.74038305
0.82009961
0.80950169
0.78118113
0.81541413
0.83128801
0.78754768
0.79742175
0.78858087
0.77716658
0.82965219
0.77349338
0.8138128
0.7897258
0.75584978
0.82158529
0.80242282
0.80121944
0.79159963
0.75182704
0.82527844
0.78396991
0.8139451
0.75345189
0.79689897
0.81711678
0.75464008
0.85878596
0.76545866
0.82241801
0.86385368
0.82321828
0.81556213
0.82432995
0.81090592
0.81902915
0.84443929
0.77416346
0.77290005
0.81743963
0.78919445
0.78531441
0.78194902
0.79276943
0.79045043
0.77481394
0.81392925
0.78691876
0.80213678
0.72854428
0.78360966
0.75958054
0.75621538
0.82776088
0.80227983
0.7656119
0.7886755
0.7949138
0.80589071
0.78431417
0.77829036
0.84581214
0.82839021
0.81210198
0.82170822
0.75211497
0.78633019
0.81027716
0.74899088
0.7624222
0.8125613
0.77927586
0.80772981
0.73270799
0.78729673
0.81308232
0.77272833
0.75393618
0.83305873
0.77304283
0.82712789
0.76200658
0.79232208
0.75636626
0.79893949
0.79113561
0.74495062
0.78868608
0.8031928
0.8477474
0.77490209
0.79000736
0.81497154
0.80188186
0.79342504
0.79055046
0.83862831
0.77306637
0.77954347
0.7520071
0.76102634
0.75576552
