0.88048732
0.91218895
0.8617045
0.87578218
0.87488788
0.89425
0.86409835
0.86805592
0.85556533
0.9057216
0.92739876
0.86182172
0.90259033
0.92297253
0.92597622
0.87982137
0.88053828
0.84417083
0.8916131
0.85555753
0.91422994
0.87047919
0.85259164
0.90316919
0.84722265
0.93354916
0.85992781
0.86031388
0.93488455
0.88713066
0.88191016
0.87605082
0.85608193
0.90041269
0.8748595
0.86428658
0.87225718
0.84400955
0.85682124
0.86291506
0.88138883
0.91544196
0.90599252
0.91976784
0.87527774
0.84492456
0.87528616
0.83370245
0.853222
0.85835715
0.89107987
0.86692781
0.84586632
0.89719063
0.85643108
0.88726942
0.90412128
0.88720257
0.8652718
0.894396
0.82939826
0.88177715
0.89631289
0.8416211
0.86767225
0.8734182
0.86868173
0.85377145
0.86545842
0.90484253
0.85779269
0.91574949
0.8913428
0.92841524
0.86237118
0.86257189
0.87513873
0.8429592
0.88012605
0.83308889
0.91081288
0.90314399
0.8863953
0.86236949
0.87568026
0.94262693
0.86245459
0.85349989
0.90363829
0.87355113
0.85869313
0.82702367
0.86788999
0.87089587
0.8630043
0.86592164
0.83075419
0.85457618
0.87320185
0.88143729
0.93503858
0.89021694
0.86532369
0.84067039
0.90119032
0.89031512
0.82583257
0.81247513
0.84576756
0.87699547
0.83239756
0.90930959
0.84464535
0.89900194
0.84146663
0.89929573
0.79322861
0.89516837
0.83009874
0.8817828
0.8820071
0.85426727
0.88875026
0.90770852
0.88120687
0.89131761
0.88005053
0.84477135
0.88577301
0.89246734
0.82419757
0.84167135
0.91585068
0.8503144
0.87831126
0.86942323
0.88037138
0.86480525
0.90431262
0.8434486
0.91087147
0.87120218
0.86337354
0.88483817
0.88821753
0.90710269
0.92591787
0.86890591
0.89538574
0.89093158
0.87406809
0.8976376
0.88308253
0.89389773
0.88255942
0.89699981
0.89843536
0.86201255
0.85242357
0.84060924
0.81408744
0.83776763
0.87385366
0.88645718
0.90565523
0.88663912
0.89732455
0.86705387
0.85351922
0.83008875
0.83190525
0.90998583
0.88960237
0.88008021
0.8597435
0.94146703
0.87058571
0.85768852
0.89666571
0.89856155
0.88197083
0.89960738
0.86094198
0.89129962
0.85209205
0.86214248
0.8736387
0.89089792
0.89601387
0.89011499
0.84569374
0.88853099
0.87575457
0.92009685
0.85277675
0.88524561
0.86958402
0.85048189
0.88305485
0.84737037
0.85063318
0.93198895
0.87400757
0.86696233
0.94412272
0.91148979
0.84723881
0.86141763
0.91206225
0.87846549
0.84398634
0.87111835
0.865338
0.86855655
0.86265492
0.91133137
0.90802919
0.86851877
0.87267595
0.92513475
0.87765627
0.85106317
0.83562869
0.90082738
0.85638152
0.91884457
0.87204757
0.89964802
0.87009895
0.8418129
0.89003996
0.90409811
0.92667382
0.89527525
0.91124772
0.84010677
0.93189373
0.9028079
0.89205691
0.89059039
0.88586857
0.90161651
0.86144723
0.90039044
0.87568616
0.88148159
0.91920368
0.86731006
0.91679243
0.88190813
0.8905836
0.87937183
0.87222938
0.9069092
0.85743949
0.86941066
0.84400617
0.8472204
0.87045017
0.89446645
0.91978923
0.88776649
0.86993757
0.89357535
0.85985726
0.87417189
0.91710443
0.87538314
0.87792077
0.88026284
0.90223266
0.88081604
0.87840976
0.88420858
0.84687196
0.90012032
0.86053163
0.83189676
0.93340461
0.86268504
0.84906425
0.88361842
0.87668916
0.9067719
0.79190858
0.87157203
0.88951743
0.93180637
0.90643017
0.84896463
0.89666735
0.87817384
0.87630716
0.86814007
0.856867
0.8787543
0.80469981
0.86536586
0.90412533
0.87406912
