0.71185167
0.72499862
0.70492079
0.69779419
0.64818636
0.71499639
0.62373059
0.59812612
0.64206294
0.71750228
0.72677391
0.63638051
0.63096765
0.68602645
0.68948059
0.72984399
0.74212893
0.67994337
0.64425792
0.67977163
0.69270358
0.66116975
0.72630741
0.74193214
0.62107094
0.67496577
0.61013926
0.67763733
0.70238291
0.7166095
0.70471271
0.67967858
0.68213024
0.70872104
0.66908855
0.61891457
0.71047992
0.6936138
0.69400106
0.68188476
0.69280564
0.66123957
0.69870812
0.6728308
0.64844195
0.57117144
0.66752855
0.74175611
0.66101557
0.66721487
0.73020638
0.64516389
0.72304456
0.6746898
0.71507633
0.70484237
0.71414305
0.68264989
0.7149221
0.64750063
0.65892656
0.71076522
0.68943994
0.71491802
0.64622306
0.75709108
0.69244492
0.66936811
0.73282837
0.7100426
0.71017263
0.6718897
0.63856017
0.66849555
0.72939842
0.71144449
0.68092137
0.66911916
0.69861153
0.70439692
0.6702412
0.72292054
0.61062737
0.7151671
0.71456701
0.69543011
0.66496717
0.69056809
0.67814654
0.63435968
0.7043743
0.70184051
0.65027402
0.68928314
0.67738083
0.70067972
0.68190037
0.69172572
0.6514904
0.72424546
0.69706471
0.71921615
0.7142552
0.70780888
0.65194744
0.76965002
0.71035421
0.6628696
0.63608651
0.60826071
0.70790978
0.72553543
0.6261489
0.71259621
0.59797744
0.70037648
0.65367552
0.71324249
0.66231734
0.74059584
0.66256686
0.6646016
0.69817834
0.64087918
0.68974522
0.65548674
0.70901712
0.68896316
0.72361485
0.68336408
0.71306812
0.65842299
0.66914195
0.68872125
0.68810375
0.63497578
0.66091199
0.70705619
0.69920128
0.71350318
0.70632315
0.7139718
0.67608725
0.71161993
0.69142283
0.68563444
0.66113797
0.69532155
0.70921712
0.6028216
0.63414484
0.66018642
0.66853319
0.66238948
0.68772173
0.75299886
0.6458577
0.70568707
0.65766231
0.69365789
0.66512609
0.64714319
0.6039463
0.63989208
0.67563086
0.5695655
0.70880283
0.6608648
0.68236316
0.69737075
0.71788896
0.67454486
0.66794365
0.6076815
0.69332141
0.73534205
0.68702528
0.67711624
0.69671044
0.60622797
0.59742744
0.70531026
0.76723193
0.58533687
0.74619839
0.65342504
0.660775
0.75103546
0.68492907
0.75775466
0.62197046
0.62153458
0.67663673
0.71646315
0.65282772
0.68305385
0.67501767
0.69015332
0.62781076
0.67542672
0.65103436
0.68265136
0.65964981
0.66338895
0.70993365
0.70604607
0.67001939
0.73569129
0.70026704
0.69383304
0.59259829
0.65468626
0.65842021
0.69314534
0.65300919
0.71469896
0.7090901
0.71142094
0.68406726
0.60517292
0.7468718
0.6473312
0.73417686
0.6760998
0.64932293
0.69539009
0.71808419
0.65776482
0.70307151
0.74994271
0.68862126
0.63342606
0.63943964
0.67201292
0.61319548
0.70121576
0.69459665
0.66740961
0.65722904
0.63847464
0.68181843
0.70016599
0.70675344
0.6807386
0.62192061
0.6995637
0.64582412
0.66531266
0.63010036
0.70709508
0.66699727
0.67527304
0.7561059
0.67797486
0.65167242
0.62928754
0.66409117
0.72548296
0.66505245
0.6826315
0.70813778
0.71764505
0.64028703
0.70279929
0.68677515
0.69253935
0.64439295
0.6090545
0.75949916
0.66520716
0.683781
0.71851597
0.65744621
0.63542271
0.66694189
0.69636561
0.64104211
0.67124481
0.70379778
0.62310273
0.70438628
0.63189964
0.71775006
0.70161373
0.74659199
0.68516564
0.73721828
0.65223138
0.6741752
0.5885503
0.67329182
0.62467053
0.69325241
0.67566137
0.68548296
0.67647028
0.73731591
0.66482282
0.69288539
0.68456306
