1.16718786
1.13650925
1.15043776
1.13355697
1.13628342
1.14082416
1.12941893
1.11524885
1.15244675
1.12363139
1.11037991
1.11329979
1.1374585
1.09210964
1.09730807
1.1397323
1.12774171
1.12758968
1.11802511
1.13351156
1.15308939
1.11142605
1.13660089
1.11953559
1.12953149
1.09829819
1.1338669
1.15353755
1.14390481
1.14288918
1.11105233
1.12028929
1.13339153
1.13530889
1.11509396
1.12590816
1.16749213
1.14488988
1.15188167
1.11396538
1.1207175
1.14436076
1.11814947
1.132875
1.14641573
1.12434404
1.14426021
1.13416611
1.17261495
1.15594899
1.14541281
1.13181518
1.12810586
1.14474362
1.15456555
1.11868649
1.13908938
1.15820917
1.08519305
1.12740836
1.13926813
1.14434442
1.14507467
1.10760176
1.12873058
1.09842298
1.12792337
1.16908263
1.11418359
1.10948089
1.10458389
1.14821659
1.13879775
1.12275723
1.16526148
1.13001922
1.15942951
1.13140971
1.1072869
1.15315285
1.11821856
1.1346086
1.12993246
1.13146159
1.17640961
1.13283033
1.15159993
1.15552892
1.1173125
1.11605097
1.11275073
1.12822818
1.08002149
1.14497481
1.13479151
1.12179073
1.16147817
1.09551371
1.13450524
1.09611267
1.1237346
1.12325473
1.14930248
1.10319377
1.13605091
1.13678514
1.12815957
1.13038284
1.13274289
1.11956363
1.12440085
1.11983186
1.13200171
1.11115173
1.1085955
1.14152045
1.14654959
1.13567079
1.15571725
1.14052511
1.12472746
1.14917686
1.13367325
1.13525516
1.11654374
1.15149136
1.12288532
1.15110334
1.11377118
1.12893149
1.10132492
1.10362059
1.17703435
1.13120815
1.13069835
1.12579988
1.12223524
1.15649153
1.14432357
1.10844921
1.12262718
1.11953278
1.16826741
1.1261848
1.1206011
1.1079052
1.11448952
1.15874983
1.12143967
1.13421362
1.12887366
1.13055087
1.15899439
1.10713457
1.11824377
1.14841317
1.13659487
1.151519
1.11322959
1.10570825
1.0934162
1.15168894
1.14064024
1.14728242
1.12918943
1.15458648
1.1046995
1.13526777
1.13068769
1.13100001
1.12455832
1.07023304
1.1345194
1.1094717
1.13559311
1.09211785
1.1238676
1.14425095
1.12720206
1.12398775
1.17594043
1.13290955
1.12259103
1.13424302
1.13243315
1.16282104
1.12455224
1.12094706
1.11566862
1.136187
1.09022317
1.13797745
1.11357113
1.14095392
1.14231344
1.12373514
1.14035012
1.10064157
1.11462551
1.15336399
1.11603564
1.11744256
1.12991308
1.16060446
1.12491748
1.12702429
1.14913845
1.1415208
1.13445774
1.10499569
1.09737771
1.16314379
1.13658969
1.13503769
1.10513916
1.14444058
1.09288059
1.12264155
1.12979897
1.14059416
1.1163182
1.13487187
1.1501849
1.11951393
1.1570811
1.09455981
1.15081973
1.08030466
1.13707924
1.09365166
1.11803599
1.14179758
1.07899615
1.16425892
1.12826048
1.11527288
1.12843918
1.13145045
1.12291625
1.1448763
1.14363957
1.11679169
1.12671951
1.12265715
1.13772462
1.13563497
1.07432545
1.12882349
1.13417801
1.12708922
1.12317541
1.10801671
1.15867385
1.13597314
1.1493028
1.14438446
1.1297963
1.12581999
1.13742652
1.13266792
1.16289278
1.16371811
1.15706796
1.11480671
1.13898393
1.13453806
1.12650758
1.13548422
1.1287761
1.16036309
1.15193704
1.14164497
1.13398666
1.1325675
1.14639561
1.1310981
1.12546198
1.12321664
1.09991167
1.13958962
1.13249893
1.15050876
1.15314131
1.13975187
1.12350494
1.12726352
1.14031511
1.17622119
1.13179531
1.13878944
1.12956398
1.12032136
1.14074996
1.08231593
1.0972427
1.16254604
1.09914833
1.14361336
1.11152215
1.10764048
1.14979369
1.14810732
1.12560695
1.15114526
1.1242632
1.10874255
1.10866108
1.157624
1.16802813
1.11497374
1.15418449
1.10043425
1.15967539
1.09693392
1.13311402
1.17097012
1.1612863
1.14669956
1.13448201
1.10800517
1.11916461
1.13276574
1.12733738
1.15944101
1.14940862
1.12227358
1.12779819
1.10909466
1.12423453
1.15092456
1.10917012
1.12476284
1.1308462
1.12693667
1.12302681
1.12730012
1.15428687
1.15418929
1.18540407
1.13847051
1.16763912
1.12443086
1.13581851
1.13193232
1.13867729
1.12057197
1.15890093
1.13599581
1.12529817
1.12945268
1.1461301
1.15889829
1.10802986
1.13253591
1.1346007
1.15351269
1.13327853
1.15379146
1.12317563
1.11896758
1.13567735
1.16747601
1.10066825
1.12931629
1.14381804
1.10656293
1.11193711
1.12954067
1.13780863
1.14809999
1.14058906
1.15489588
1.1487307
1.14662143
1.13178735
1.14472137
1.1095654
1.11849641
1.12147692
1.10589224
1.12375037
1.09291519
1.16656574
1.13008493
1.11540931
1.12195944
1.14390239
1.11490467
1.12262247
1.09538017
1.11819006
1.17694909
1.13242742
1.16422877
1.14795895
1.15330491
1.12321734
1.12789906
1.12459233
1.11145886
1.12907598
1.15903452
1.09828807
1.12568621
1.11692793
1.1302485
1.13288643
1.1268668
1.14061481
1.16628867
1.14230446
1.1150702
1.13352197
1.13437842
1.13816131
1.14868346
1.12246195
1.13978229
1.10885756
1.13124336
1.13672307
1.14392591
1.11293591
1.1514693
1.12825579
1.13793526
1.12923447
1.12714879
1.1542135
1.17714663
1.1224846
1.13924236
1.15696572
1.16013763
1.14067526
1.16342068
1.13259793
1.14125071
1.16723647
1.14196067
1.13844993
1.14099978
1.13133279
1.14124857
1.13831182
1.13762128
1.12643796
1.13794561
1.13980901
1.17330216
1.14224385
1.1367321
1.13275905
1.12551196
1.12787051
1.15373411
1.14223459
1.13772529
1.12663152
1.13196317
1.14726868
1.14008612
1.14505151
1.14113649
1.1223857
1.14693267
1.13305806
1.12834442
1.14173376
1.10438604
1.13530337
1.12713601
1.16203553
1.15413535
1.15441253
1.10802967
1.125863
1.1290097
1.13357229
1.1602405
1.13997511
1.12200166
1.16624751
1.11373507
1.1170804
1.12834236
1.1140126
1.12650149
1.14553592
1.16001537
1.14047659
1.13768088
1.11303437
1.1347931
1.15877819
1.16596463
1.11935343
1.12541887
1.15332996
1.1469421
1.13459483
1.13524962
1.1062543
1.15266175
1.12642394
1.11947035
1.12878889
1.15135595
1.13660746
1.13232004
1.15389736
1.13542734
1.12809002
1.13388206
1.13947699
1.14438129
1.12041303
1.13699521
1.1462239
1.12844891
1.12114642
1.11346129
1.16801354
1.15969906
1.11012517
1.14291541
1.08077941
1.1331532
1.14447491
1.13945553
1.11743473
1.13390263
1.11764669
1.15429399
1.11355738
1.16004144
1.15617972
1.11880781
1.13126217
1.14554253
1.14566318
1.12597946
1.12474986
1.09845277
1.13168188
1.14375396
1.13505369
1.11427504
1.1011098
1.10367992
1.15274226
1.10319448
1.14581454
1.1425322
1.14392624
1.10200419
1.13628218
1.10729964
1.13895627
1.13953453
1.1484865
1.1062108
1.14549912
1.1185066
1.13105511
1.13856
1.13936915
1.13289759
1.10448356
1.14963436
1.13966436
1.12021418
1.11472322
1.13041504
1.15289412
1.14633809
1.1231262
1.15095811
1.10591475
1.10688636
1.12803929
1.14047208
1.12821031
1.12888109
1.14655944
1.15317062
1.16175021
1.13587645
1.13178624
1.14073784
1.12755227
1.1570228
1.12428049
1.14917595
1.10172494
1.13690429
1.16454837
1.13615925
1.13729755
1.1440335
