1.1447524
1.14403675
1.13130602
1.14325422
1.15503002
1.11977757
1.10419477
1.08013009
1.12379462
1.13698819
1.11754976
1.1321782
1.14820441
1.07741659
1.10903411
1.11669509
1.14172899
1.13369535
1.10973017
1.12383366
1.08629626
1.14636526
1.13635963
1.13971683
1.11357539
1.13043168
1.11819359
1.10010533
1.16564663
1.12708945
1.12619006
1.08251291
1.11999717
1.1494439
1.10336305
1.10907217
1.11318146
1.11969477
1.12103169
1.11034824
1.12997151
1.137318
1.12456917
1.13275385
1.13612276
1.1346018
1.11590366
1.13129261
1.10290027
1.14944843
1.11308529
1.14540771
1.11640164
1.07347182
1.13012369
1.12672361
1.10085632
1.08863601
1.13064776
1.13654963
1.12706993
1.10239372
1.12843239
1.13985844
1.13202233
1.14179175
1.10297925
1.13173239
1.10643478
1.09054234
1.14798845
1.13319052
1.1686394
1.14670208
1.13004428
1.16382323
1.12733626
1.12314831
1.07942555
1.11735449
1.14242558
1.1260451
1.12060812
1.15173337
1.12125602
1.12897591
1.11141787
1.12287654
1.15091723
1.12451356
1.11493651
1.11807908
1.09496742
1.14284858
1.12512762
1.13947737
1.10918882
1.11977463
1.10748936
1.12449205
1.14899084
1.17256728
1.13372771
1.11035569
1.15406135
1.11269384
1.11383403
1.12975741
1.15080185
1.1435623
1.13374177
1.12412684
1.11232472
1.14068926
1.14663995
1.16326997
1.11018772
1.13481278
1.13121744
1.10673494
1.12108849
1.10641893
1.09428203
1.11584044
1.14343159
1.11386931
1.1160019
1.13406387
1.10208631
1.11486035
1.13879868
1.09378774
1.14071762
1.09979221
1.1301741
1.10006419
1.11364375
1.18478213
1.12078358
1.11758807
1.14218133
1.15143594
1.12773815
1.11455775
1.13283123
1.14796519
1.10858132
1.12959399
1.11378404
1.10590406
1.10884454
1.11784856
1.13158867
1.14331
1.10807369
1.15929253
1.12547415
1.12589714
1.11381548
1.13786498
1.12535283
1.12235585
1.11463975
1.14446429
1.11256629
1.13718151
1.0982314
1.12511652
1.13013242
1.08204416
1.11765243
1.1239333
1.09597513
1.14383597
1.13811886
1.12198205
1.12191674
1.12022518
1.1128563
1.13742898
1.10404684
1.13239132
1.08853661
1.12032457
1.11308818
1.13438658
1.10994652
1.15119254
1.1006975
1.10603138
1.08669154
1.14073145
1.1169258
1.14159717
1.09729849
1.11180378
1.13457852
1.12010222
1.12385894
1.11982645
1.12332539
1.11986926
1.12626826
1.1180798
1.14135355
1.09234794
1.11112493
1.11747751
1.14699504
1.12679497
1.10697762
1.13336139
1.1067142
1.11766251
1.14797028
1.12061783
1.12353017
1.11505327
1.11457681
1.13834368
1.13110795
1.12184417
1.11431826
1.12381935
1.12212574
1.11040475
1.16697472
1.15920112
1.125128
1.12959105
1.14634856
1.13982282
1.11244997
1.12626381
1.1504085
1.1092639
1.11878843
1.12927733
1.11413442
1.13202702
1.09565589
1.14094174
1.12367641
1.11798854
1.10948426
1.08461153
1.12730105
1.11145503
1.12653884
1.13146078
1.11954265
1.13542719
1.10187104
1.11449983
1.13944932
1.12097289
1.09716508
1.09918964
1.11940088
1.13607958
1.12841445
1.12193598
1.14563913
1.13415637
1.12501132
1.12716259
1.13897393
1.11520536
1.15781154
1.12904288
1.14970222
1.10029559
1.14094007
1.11027922
1.11718377
1.11523154
1.10837537
1.15326582
1.15621992
1.13743396
1.14184071
1.10531454
1.15242711
1.11319505
1.12875218
1.12181666
1.12839712
1.128726
1.13274966
1.13654727
1.11714789
1.1409023
1.12607091
1.13530465
1.12123261
1.10113475
1.13304863
1.11733039
1.08056806
1.13972269
