0.92354305
0.93994915
0.86921617
0.88453576
0.91099376
0.920452
0.90528645
0.86695065
0.88398376
0.8878586
0.87673444
0.906071
0.92655979
0.91525235
0.87332813
0.91372235
0.88577826
0.91289752
0.87557723
0.89574212
0.89145297
0.89985011
0.8659912
0.87889114
0.91322439
0.92210456
0.91466981
0.88766558
0.91765268
0.87863811
0.89579576
0.91156135
0.88772992
0.87590994
0.89939225
0.8735522
0.88715977
0.88370802
0.94270905
0.86934705
0.90445433
0.92723777
0.85781993
0.87401521
0.85859259
0.86510145
0.84226
0.91154236
0.92375684
0.90927639
0.89592072
0.93105928
0.91291576
0.91003433
0.83630985
0.87430908
0.86068697
0.94772944
0.87014888
0.91011901
0.891898
0.88149235
0.87708809
0.86870745
0.89601442
0.88640743
0.90043894
0.91694056
0.90706258
0.85134521
0.90217342
0.88974058
0.90090433
0.93264616
0.87372242
0.93790524
0.88326591
0.91714849
0.91364512
0.86082739
0.88774465
0.88755749
0.91009706
0.90540455
0.90000902
0.90504978
0.84534418
0.87186093
0.91461946
0.91007052
0.89285107
0.88401199
0.90255538
0.92396248
0.91348169
0.88470433
0.90096865
0.84211823
0.84913794
0.91550855
0.91656839
0.87598951
0.89751606
0.87676675
0.88898128
0.88172459
0.8719621
0.85894583
0.86025792
0.92158159
0.90931172
0.8757539
0.93893654
0.89266847
0.85319607
0.8937859
0.86808092
0.84889019
0.87066978
0.89573505
0.92754272
0.87263677
0.8824709
0.84784038
0.92738074
0.91616681
0.88377771
0.89926184
0.86818257
0.94495936
0.91707676
0.87050026
0.96604553
0.88797575
0.90945099
0.90246339
0.88726313
0.89831226
0.95818261
0.8735756
0.9342426
0.8930975
0.93497872
0.85464155
0.91168466
0.93782404
0.90638399
0.88647706
0.89448231
0.89764764
0.89877275
0.92079101
0.88554898
0.90484503
0.85440575
0.90729101
0.90168967
0.87467434
0.90756414
0.85742968
0.92368967
0.87371579
0.90919604
0.91259853
0.94188266
0.89586864
0.86134008
0.87410441
0.92516687
0.90155422
0.90284039
0.93281634
0.90996769
0.87270383
0.87791653
0.89114301
0.90701166
0.88239994
0.86345421
0.88288789
0.89124975
0.92290702
0.93122986
0.86602025
0.92148687
0.87786547
0.89428343
0.91043847
0.92174375
0.88799288
0.89244919
0.89922926
0.89991134
0.89748969
0.85638861
0.90226725
0.92655757
0.93390927
0.91597628
0.93576289
0.90989006
0.84336177
0.89223558
0.86078929
0.85851579
0.85985311
0.91769898
0.89048005
0.89809256
0.90277226
0.92334755
0.93479425
0.95167186
0.90579594
0.89929019
0.90105008
0.91609411
0.90797832
0.87064565
0.86328413
0.92912369
0.91531733
0.93560442
0.90198988
0.90445366
0.90180439
0.94320012
0.89158794
0.87937163
0.93900325
0.87487207
0.90792713
0.88622644
0.84565157
0.9065012
0.85617934
0.86652509
0.84668648
0.915588
0.90191068
0.87942906
0.87713248
0.88904306
0.84321509
0.92752929
0.90121268
0.90634448
0.91424894
0.90675816
0.91791916
0.86750481
0.87572331
0.88194706
0.91243664
0.92130137
0.86210762
0.90013546
0.92941151
0.88395593
0.90160615
0.88075999
0.92710555
0.87588596
0.90472339
0.9154623
0.85859055
0.86500297
0.94223095
0.88920072
0.90929319
0.91454861
0.89295133
0.91453413
0.94940817
0.84235454
0.90237839
0.88613774
0.8754462
0.86137464
0.90262789
0.91457489
0.87118524
0.93015459
0.85265639
0.89689456
0.90592248
0.87544869
0.87220417
0.93152917
0.8989923
0.92355817
0.92401988
0.84581432
0.92626483
0.87149546
0.84746105
0.90387139
0.90133039
0.87350876
0.94481893
