1.09461722
1.12469607
1.10848892
1.12855508
1.09949405
1.13291476
1.10813139
1.13604076
1.12462229
1.13137379
1.110022
1.11293305
1.13365938
1.13805095
1.11645427
1.13476941
1.12487795
1.15109658
1.13580935
1.07543879
1.13128196
1.09349812
1.12293113
1.12345639
1.15528237
1.14864405
1.11138619
1.08300982
1.10880041
1.13624434
1.15392988
1.11120694
1.13493324
1.13758847
1.11301524
1.10425498
1.11806553
1.16361332
1.12334557
1.12275302
1.12453304
1.13827304
1.14946523
1.12082024
1.12548065
1.12660544
1.11744654
1.12301072
1.12828022
1.10429774
1.13483167
1.12742785
1.14021545
1.09455073
1.09643274
1.13441819
1.14170836
1.15984964
1.08604847
1.09589152
1.13383222
1.10181208
1.13064973
1.13718426
1.09768378
1.10943145
1.11635501
1.1122901
1.13764737
1.11435501
1.14681395
1.10777975
1.09622145
1.10510943
1.14603935
1.1373092
1.09987718
1.14542738
1.09230616
1.15788478
1.11991296
1.13095155
1.1124557
1.12236472
1.08765944
1.15845121
1.15094031
1.14806686
1.13157251
1.14096656
1.13396448
1.1159715
1.13163452
1.10952687
1.11777608
1.14689404
1.13980847
1.1314911
1.1157131
1.08088495
1.17223597
1.10447487
1.08831501
1.12767699
1.11106641
1.09425919
1.11852191
1.11989216
1.13016861
1.11915969
1.10006288
1.11351763
1.13816582
1.0932857
1.12189631
1.10379784
1.17018676
1.13768277
1.12278345
1.12301426
1.09946656
1.11310869
1.14913295
1.1265266
1.14387481
1.06799277
1.079918
1.12355718
1.12338235
1.10241987
1.10947709
1.09584638
1.12721405
1.09770709
1.13027724
1.10272893
1.11315022
1.14393911
1.1444003
1.15420657
1.16425474
1.11104513
1.10349722
1.08098915
1.12576879
1.0995021
1.13486317
1.0966944
1.10798907
1.1440125
1.10888177
1.14512234
1.1157566
1.12317177
1.11924597
1.12414893
1.10773055
1.10473082
1.12454697
1.11047898
1.12078202
1.13877203
1.12917313
1.12776986
1.12081897
1.13582567
1.11933524
1.12987294
1.10599417
1.10721992
1.11828886
1.0921416
1.09814796
1.11427615
1.11422199
1.13663531
1.1547611
1.11464636
1.06909574
1.14538994
1.11499161
1.13861075
1.11366391
1.12545271
1.12277682
1.11305363
1.11638732
1.1124845
1.12381713
1.13385224
1.12087003
1.14059642
1.14564444
1.1069784
1.13196736
1.10876527
1.11572596
1.1043201
1.1273208
1.1374241
1.07149869
1.12915766
1.09580245
1.07847088
1.13850533
1.1273749
1.09728523
1.14349274
1.12747454
1.13339894
1.12539084
1.12912602
1.16707771
1.1250518
1.14617669
1.09306748
1.1395133
1.08053691
1.11229984
1.11533588
1.0923286
1.10189964
1.1490836
1.109463
1.14665495
1.08771045
1.10747394
1.08509628
1.09090801
1.1046875
1.14443752
1.09435855
1.11018872
1.11692282
1.14453753
1.10033478
1.1036822
1.15951797
1.11833929
1.11062675
1.11655347
1.14153536
1.12541477
1.09910934
1.16118678
1.10756221
1.13320066
1.15004348
1.11278786
1.1243863
1.13935796
1.138263
1.13161542
1.09966657
1.13056622
1.14561289
1.11986118
1.14833051
1.13646433
1.10625328
1.13943375
1.11839531
1.11796546
1.11497165
1.12060535
1.12968996
1.12266652
1.13083469
1.12097014
1.1571634
1.13001836
1.1047235
1.11486189
1.13255705
1.13042986
1.14103098
1.10274676
1.11630077
1.122848
1.11319676
1.14384661
1.09479085
1.14316805
1.14830873
1.12269129
1.14107358
1.10202585
1.13296139
1.1009639
1.14473577
1.1073025
1.10192025
1.10996191
1.11051698
1.08167622
1.14367373
1.11154474
1.12516778
1.1121119
1.12440462
