0.62671517
0.61663853
0.60613753
0.57785174
0.6533987
0.57499369
0.64058308
0.64707312
0.57518184
0.52032595
0.61046256
0.6204862
0.63320954
0.67788851
0.62686295
0.63723486
0.64043935
0.63433544
0.62406326
0.6337953
0.66866479
0.59191895
0.61984345
0.56382817
0.61343407
0.60678844
0.65927638
0.59527258
0.59247476
0.5964528
0.62819795
0.61849829
0.64371999
0.63048395
0.63032692
0.60215976
0.58697263
0.61537567
0.56519388
0.59681128
0.60480544
0.60905256
0.5734317
0.63249764
0.61845421
0.67360928
0.57767732
0.56811107
0.58858016
0.70138203
0.63367425
0.65547684
0.62085613
0.6423955
0.61792824
0.60603091
0.6410556
0.60894493
0.61870894
0.59796936
0.61899306
0.59576622
0.62645908
0.65400123
0.59219801
0.69110719
0.61022842
0.6530754
0.58676584
0.58250161
0.58478768
0.61456791
0.65051175
0.67521759
0.64856497
0.66032185
0.61363234
0.62760762
0.64446893
0.63157441
0.63238945
0.66646707
0.63252072
0.57328614
0.63466554
0.62601789
0.6313421
0.63557094
0.58208432
0.61427577
0.62628507
0.59704241
0.62604039
0.58311459
0.59808939
0.62010005
0.61635434
0.64444598
0.68327478
0.65151379
0.61523714
0.70214434
0.65179175
0.60122112
0.61294679
0.59268003
0.67360479
0.64394063
0.68341484
0.6078047
0.58849473
0.63594323
0.60778579
0.64582701
0.63717708
0.58363336
0.65995466
0.61643905
0.56511788
0.61372059
0.60390734
0.62849352
0.58627071
0.60924836
0.63859947
0.6701713
0.57648104
0.58692062
0.6469701
0.61185678
0.58910211
0.57805657
0.58717095
0.65009078
0.56399973
0.60622875
0.66478101
0.61505415
0.57916854
0.62174684
0.63304279
0.62155157
0.61581031
0.65908377
0.63594657
0.64409592
0.58714836
0.58270386
0.60051666
0.5761685
0.62964639
0.65404016
0.66249215
0.62356669
0.63797981
0.60587943
0.54678273
0.61626215
0.59353439
0.61746832
0.64656961
0.65043282
0.57124567
0.61697008
0.66503187
0.61992301
0.60803195
0.60337314
0.58010703
0.57155572
0.64000758
0.67848499
0.61268139
0.56059495
0.65807552
0.60747596
0.6762156
0.63406969
0.66183013
0.56052976
0.6470729
0.59407898
0.58134598
0.61408051
0.61688313
0.64052302
0.6277827
0.5812011
0.61143114
0.60005667
0.58935283
0.66923589
0.61452103
0.65738667
0.5862255
0.64942452
0.60291208
0.61743918
0.61346351
0.66065597
0.65999478
0.64914971
0.57604637
0.51426105
0.61906116
0.64165054
0.60860932
0.59858894
0.62930673
0.57382918
0.63223569
0.66368408
0.62500441
0.60720619
0.55805758
0.65548995
0.61558585
0.614231
0.65336306
0.63164938
0.6636256
0.61273753
0.6477048
0.65275799
0.60433422
0.62268329
0.63454478
0.66292382
0.60831587
0.62590251
0.60613239
0.58890141
0.58416037
0.59692817
0.59489376
0.59542783
0.59518481
0.68560738
0.63212387
0.5941156
0.59942931
0.60859718
0.64136438
0.59558228
0.62353794
0.6749895
0.63537066
0.60786034
0.61142095
0.57322705
0.68698836
0.63248787
0.62744073
0.63719961
0.60121133
0.63544941
0.61656213
0.62006046
0.66267931
0.60531714
0.63860825
0.61417507
0.62356398
0.63304167
0.62066884
0.64319745
0.62517857
0.61102187
0.62436652
0.63528262
0.62005937
0.62767735
0.64646702
0.56217805
0.56902517
0.60675747
0.59689623
0.59437355
0.59810242
0.61705755
0.62137213
0.63133496
0.6547587
0.59501158
0.63672389
0.65199344
0.64521321
0.64115342
0.58160904
0.63901505
0.62557101
0.58051225
0.63884006
0.65126858
0.65132342
0.58843448
0.68015181
0.61539619
0.58821669
0.60845966
