0.78592394
0.73322866
0.80509416
0.81705044
0.81668357
0.8434511
0.77760036
0.75920936
0.82574705
0.76193756
0.76297591
0.8076118
0.80593867
0.7548117
0.79178714
0.77632361
0.72682881
0.74997299
0.7807517
0.81575741
0.74289897
0.83467041
0.79611396
0.80945101
0.78997507
0.81056518
0.79220985
0.80005316
0.7769424
0.79308912
0.80971813
0.79069949
0.77370763
0.76764553
0.78081353
0.75908616
0.78038198
0.80619252
0.78824974
0.76564511
0.81438551
0.74924899
0.81691772
0.77867559
0.73751792
0.77051261
0.77139676
0.77839295
0.83146663
0.81742585
0.80378316
0.76799911
0.80638278
0.81182639
0.79417367
0.82096393
0.80457807
0.77709307
0.72366109
0.82331833
0.77215986
0.82667903
0.81911851
0.79955875
0.80131844
0.81501628
0.83060523
0.78162002
0.82706056
0.75701774
0.8016493
0.78602881
0.82757987
0.77526766
0.83072337
0.79407678
0.757861
0.78382275
0.76633327
0.8078795
0.79760301
0.77233277
0.79145506
0.8060825
0.78372431
0.77233827
0.82814094
0.81344715
0.78389396
0.83963384
0.81977456
0.78386018
0.75801434
0.78728468
0.80762843
0.77969
0.76856087
0.77995754
0.8042312
0.79876686
0.75097819
0.80931816
0.81021254
0.78166514
0.81386472
0.78867175
0.8107771
0.79834314
0.80467473
0.797863
0.84793688
0.80086141
0.81325647
0.84480533
0.80541717
0.8061356
0.79600096
0.74990632
0.84557773
0.81587407
0.84516379
0.82822616
0.79147875
0.79909478
0.78612595
0.75427892
0.7967057
0.78667718
0.81380452
0.78722864
0.84408898
0.81192389
0.77854946
0.75638985
0.78100181
0.82266454
0.77768591
0.83069906
0.79153831
0.80967172
0.74699519
0.79341484
0.81667509
0.79200854
0.81988023
0.76765397
0.79450685
0.75415393
0.79251912
0.7681787
0.79692791
0.81528782
0.86000352
0.80853064
0.79281901
0.80468645
0.78958439
0.805539
0.78441286
0.84539601
0.78767064
0.78890193
0.81248255
0.82888449
0.78150671
0.80200911
0.79714855
0.79611386
0.76557677
0.81766139
0.78198448
0.82503037
0.82197032
0.77505086
0.77101064
0.76804574
0.8073291
0.79271569
0.80179214
0.82112726
0.80460115
0.82440519
0.82988476
0.80646319
0.78686477
0.78441566
0.81109056
0.80750884
0.80262468
0.77509606
0.81704364
0.82221108
0.78643886
0.77394695
0.76426238
0.77341028
0.79030306
0.76825448
0.76713286
0.80225556
0.75122388
0.78388835
0.78764591
0.76026302
0.80020909
0.81770235
0.82234868
0.75349548
0.81133609
0.83784685
0.77969792
0.74868086
0.79776912
0.77791925
0.82722796
0.81228968
0.77505606
0.8263367
0.82768447
0.77386872
0.76335614
0.79244826
0.82638803
0.77765662
0.76773394
0.79143644
0.78705776
0.84805556
0.83253528
0.74671466
0.81687289
0.77283685
0.80334232
0.78376142
0.81071434
0.78291841
0.77957713
0.77161466
0.79459789
0.77555849
0.7747597
0.77959151
0.77942581
0.83829386
0.77078397
0.75703731
0.81748656
0.81760988
0.81903907
0.79732212
0.7628065
0.76986454
0.75275149
0.78429218
0.80498097
0.81251146
0.76755653
0.78960749
0.76203465
0.83075154
0.79648735
0.80471468
0.73788384
0.77535233
0.80162584
0.72000975
0.77428346
0.76680923
0.7933543
0.77989592
0.80382154
0.79865601
0.75894773
0.75935559
0.78036139
0.81484277
0.76522874
0.72615591
0.82505522
0.77207799
0.77086366
0.78426646
0.79120762
0.75914586
0.75866817
0.81532235
0.77385896
0.78107617
0.79204522
0.79580383
0.81566315
0.79176467
0.79170357
0.81773093
0.76548247
0.78330377
0.79050991
0.79811341
0.82216
0.76876548
