0.50440412
0.5215902
0.52766298
0.50471558
0.51785158
0.54661351
0.52934422
0.56083262
0.49734482
0.56127352
0.55188942
0.48537093
0.51087204
0.50410587
0.51140057
0.49391529
0.49858866
0.52577857
0.56012004
0.51442413
0.52882788
0.52893251
0.54224303
0.54037887
0.54778968
0.5188361
0.46943697
0.53051233
0.52060365
0.52055775
0.51059893
0.53226658
0.52045599
0.51456258
0.56519098
0.5279797
0.55194232
0.55575953
0.48459835
0.48250342
0.5377743
0.49948834
0.49252286
0.52521013
0.50129168
0.5330607
0.5330494
0.5245159
0.53920007
0.55372519
0.53864231
0.55890648
0.51835198
0.55438574
0.55557624
0.57424293
0.53801743
0.55023078
0.52039047
0.50264783
0.54727496
0.52176944
0.50093758
0.49205853
0.53853619
0.51833846
0.51632025
0.5189074
0.47384544
0.57347204
0.491182
0.54208992
0.52081006
0.55825622
0.50118879
0.55015967
0.55856784
0.55620459
0.52420377
0.55565096
0.54702156
0.52263916
0.57534381
0.51882352
0.5087152
0.53193097
0.53972362
0.55875266
0.4949234
0.56889248
0.55693046
0.42427809
0.60697258
0.48867187
0.54051555
0.53578753
0.54052427
0.48945991
0.58778212
0.53801446
0.56718955
0.52530749
0.52066667
0.49004629
0.52983822
0.54298135
0.49669008
0.53314379
0.55755214
0.49582913
0.55091212
0.54860456
0.50044114
0.53487405
0.53955193
0.53310096
0.48539516
0.52658924
0.50185768
0.53414747
0.53958399
0.51365365
0.55697151
0.51668501
0.48050063
0.53652244
0.53640727
0.49163383
0.50089511
0.50786154
0.53659261
0.50044663
0.54921977
0.56932998
0.5763153
0.53697696
0.52081378
0.49101749
0.52025576
0.52339416
0.53258304
0.53969668
0.49217436
0.52633885
0.52648375
0.56193919
0.49069619
0.50593552
0.48620362
0.55876229
0.55185337
0.54284798
0.50463944
0.51930565
0.52534209
0.49927293
0.51555634
0.5318117
0.55469827
0.48940716
0.51306277
0.56146685
0.53801494
0.43536348
0.56188057
0.54518372
0.55291811
0.53085468
0.54180421
0.56764693
0.55754162
0.49927259
0.53546596
0.55862413
0.53354385
0.47822278
0.51537525
0.50943246
0.52854312
0.52708176
0.54355592
0.54231702
0.51407524
0.51798338
0.58312576
0.49189765
0.56816241
0.51589612
0.51086733
0.51779587
0.51917026
0.57202402
0.5326797
0.57307907
0.49625586
0.49605619
0.5384206
0.48413435
0.57855223
0.50124937
0.48715551
0.5263023
0.50947512
0.54461691
0.56022047
0.49327929
0.5144892
0.42417438
0.51460302
0.51167553
0.60106375
0.50585727
0.54347889
0.56045844
0.57901052
0.48966617
0.55268411
0.55715866
0.56354851
0.55117105
0.50536571
0.4911802
0.55256265
0.56468199
0.52676071
0.50642143
0.54846913
0.51816534
0.57788277
0.55657998
0.49652513
0.50833854
0.52770018
0.56862532
0.5155724
0.49329402
0.53829203
0.48520299
0.50318969
0.49145475
0.5431761
0.51232885
0.48602502
0.47070941
0.48910787
0.49476155
0.47857771
0.46423929
0.51371627
0.51831163
0.51810655
0.52374835
0.54109435
0.48226071
0.50601844
0.50018652
0.53760133
0.52292418
0.53077814
0.4831972
0.49069811
0.51184947
0.51641288
0.59113357
0.57418035
0.54491582
0.542332
0.55060806
0.53886494
0.56120005
0.519694
0.58243786
0.51757307
0.53028692
0.58116077
0.52461017
0.54558941
0.54300978
0.57778519
0.5179982
0.49790623
0.55764752
0.50415435
0.4933782
0.54850355
0.5199867
0.50645307
0.49697571
0.50995481
0.52551634
0.54483422
0.52462512
0.57643852
0.50540978
0.56213456
0.55117708
0.55024303
0.55618432
0.5377319
0.48579577
