1.11818707
1.12664288
1.16494027
1.0848725
1.12154602
1.12551482
1.11154786
1.12769681
1.1330275
1.12127382
1.09176391
1.11140085
1.12758643
1.10478041
1.12116912
1.13037402
1.09335758
1.11228962
1.11010561
1.10807915
1.12135628
1.12588839
1.1179579
1.15816909
1.09753353
1.12383911
1.10827842
1.1216673
1.11435911
1.0959728
1.04489066
1.11642724
1.12390491
1.11273283
1.11472146
1.12285225
1.10359463
1.13243872
1.11180544
1.09928901
1.10126813
1.14834206
1.12267669
1.09610534
1.10682693
1.12424826
1.15185131
1.11492336
1.14563245
1.11587614
1.09340207
1.13794563
1.1166436
1.12544137
1.07299392
1.13262248
1.14224334
1.10320212
1.11037996
1.12631551
1.09815811
1.10413285
1.12159851
1.1159399
1.15267908
1.11813695
1.14072843
1.13188031
1.10001268
1.11623329
1.09585956
1.09353607
1.12191794
1.13344897
1.13665789
1.09299666
1.12106984
1.11546282
1.10578923
1.14025093
1.09744538
1.13650929
1.12635416
1.12883272
1.15550419
1.10258581
1.08467989
1.09549601
1.0977033
1.10255449
1.11731996
1.1181058
1.08662173
1.08422356
1.14376614
1.14185752
1.14615733
1.13650422
1.1283267
1.06636137
1.13848559
1.11772576
1.12341419
1.12516019
1.12956302
1.05884852
1.1294648
1.12812008
1.0861356
1.15225833
1.12393537
1.11582618
1.11436221
1.1076853
1.12018052
1.1188859
1.1137784
1.11051153
1.0807955
1.15374284
1.09925094
1.1315315
1.11134102
1.09115247
1.10502683
1.12169088
1.12131403
1.09757509
1.11070589
1.13812383
1.0696222
1.10777176
1.09922204
1.10832882
1.06605162
1.12625455
1.14975363
1.13362449
1.12644979
1.11060918
1.12006046
1.12183392
1.08588988
1.09005593
1.12471085
1.13025385
1.12216388
1.11876249
1.10116214
1.11287274
1.08370049
1.10339724
1.12775882
1.11660781
1.13067723
1.07801484
1.11326998
1.12823666
1.13753179
1.10234926
1.05834019
1.10734248
1.10508507
1.11587884
1.11172476
1.1262486
1.09201579
1.14972458
1.05401501
1.14304794
1.1011779
1.06906781
1.10998869
1.14094114
1.11229773
1.14069719
1.10838714
1.08996471
1.10212433
1.08930724
1.12363903
1.12756598
1.13763942
1.11621532
1.06829561
1.1129121
1.11814623
1.09795972
1.13321944
1.1058656
1.11334533
1.10290675
1.11023508
1.09473918
1.12913835
1.12869175
1.12396912
1.09169859
1.09591498
1.09813002
1.07114436
1.07479592
1.12776534
1.14166361
1.10994819
1.08976159
1.12721979
1.13316774
1.14261137
1.10407584
1.12680828
1.1241224
1.13038787
1.11714267
1.11230678
1.11809028
1.15021475
1.12121097
1.09895891
1.11346684
1.11616529
1.13443227
1.13709972
1.10636129
1.12396999
1.08794736
1.14641125
1.11757568
1.1028569
1.08290796
1.10020843
1.12251633
1.10316794
1.1236802
1.12083316
1.07420621
1.1299103
1.12160738
1.13737771
1.09676764
1.11111332
1.16044892
1.11441811
1.10918745
1.12213627
1.09558367
1.07883702
1.1208026
1.110907
1.0841617
1.12710468
1.08857133
1.118225
1.09067041
1.1056528
1.1435857
1.11488991
1.11572177
1.136516
1.10463018
1.09015746
1.12021678
1.15066064
1.13807033
1.1211574
1.1143059
1.12750534
1.15070597
1.1093175
1.09849125
1.08740623
1.11732657
1.11594908
1.10051235
1.11366596
1.10700321
1.10700752
1.09488408
1.0953405
1.11112346
1.13427277
1.06700339
1.098291
1.10749345
1.1115436
1.12770329
1.1286235
1.12346157
1.09271121
1.11301407
1.11949167
1.1055817
1.10489049
1.0722731
1.12940586
1.11185697
1.13077874
1.11187977
1.0905615
1.1070061
