0.63452918
0.65104819
0.61380415
0.61208594
0.65751079
0.6349449
0.61907913
0.63922253
0.64835901
0.57355151
0.63244364
0.60691258
0.65425322
0.63968301
0.62731139
0.65540951
0.5781254
0.612108
0.62689584
0.64169435
0.64586987
0.66309268
0.61726639
0.59318726
0.57321885
0.5875497
0.60794874
0.64675846
0.66847489
0.61821205
0.60905737
0.59015536
0.60686948
0.61133153
0.63552032
0.64511118
0.62708287
0.63385552
0.64397408
0.62274864
0.62559651
0.61023484
0.65041138
0.61718476
0.60450429
0.5869424
0.66637606
0.64023668
0.56492295
0.67998455
0.59866597
0.58494486
0.59773857
0.61437693
0.65841933
0.63429711
0.63738933
0.68937827
0.599805
0.62422975
0.6561338
0.64534473
0.60959224
0.60917349
0.60877894
0.59940061
0.61135834
0.65737654
0.56046541
0.61476347
0.6563144
0.63886089
0.67692755
0.65529383
0.60482851
0.61865768
0.62598856
0.62817326
0.61548069
0.65153707
0.60272704
0.61468344
0.64366129
0.65463044
0.66008414
0.62541443
0.62208235
0.63223161
0.62501956
0.5970271
0.58894034
0.62458993
0.60486193
0.60841537
0.6561662
0.6505361
0.62223921
0.62137388
0.61208254
0.63414721
0.62451638
0.64651043
0.60787796
0.64247015
0.55669945
0.63075159
0.63306706
0.64663041
0.64655698
0.58342642
0.63174231
0.60849152
0.63780578
0.53861428
0.60002368
0.62659269
0.64928124
0.63728709
0.63100193
0.60499958
0.68152108
0.65399493
0.60418783
0.67384368
0.61358253
0.66592499
0.60926956
0.65409036
0.61737308
0.62990194
0.65178495
0.67848234
0.65445108
0.67051764
0.60736367
0.61379578
0.64368567
0.58324294
0.62587175
0.60003149
0.61968104
0.65508869
0.6469558
0.6096696
0.67228415
0.58935711
0.63655806
0.58394077
0.62248514
0.60130333
0.63751873
0.6368983
0.66303657
0.60346397
0.5941779
0.60921336
0.61391865
0.62069949
0.60203812
0.62169566
0.59772077
0.63572585
0.67678491
0.62466789
0.60496356
0.64037505
0.60320885
0.6475281
0.57645432
0.63128082
0.57134249
0.61359696
0.63219311
0.58334762
0.62535034
0.62611736
0.63791131
0.66313134
0.64196622
0.62062494
0.60513819
0.63303537
0.63124524
0.65650832
0.59999933
0.63557822
0.63598234
0.60562634
0.62393539
0.67398146
0.6006682
0.63256981
0.62295482
0.5948048
0.57576959
0.68948805
0.65653769
0.615374
0.61832194
0.60470346
0.6364684
0.59495935
0.52793381
0.59388201
0.64231831
0.62657158
0.62293819
0.5847765
0.6189404
0.63937017
0.62988102
0.64027752
0.64488273
0.65069877
0.59796296
0.61412844
0.61523567
0.60522458
0.59856708
0.65626062
0.57164808
0.62414734
0.70610373
0.66777534
0.6105788
0.60215136
0.6304783
0.65930593
0.65172274
0.63766105
0.62389811
0.64011606
0.68729763
0.62757938
0.6537632
0.64048902
0.66238479
0.5814036
0.59613053
0.64532379
0.62665925
0.62328264
0.61991009
0.61970305
0.6329179
0.63337737
0.61140525
0.65042551
0.64399502
0.62094178
0.65185358
0.6231045
0.61144704
0.60606554
0.63042837
0.60494098
0.6366435
0.64839616
0.63238274
0.63551352
0.64752829
0.57267467
0.66054283
0.60074748
0.59286054
0.61737532
0.56880102
0.71149678
0.63629171
0.57964607
0.6119916
0.68612058
0.66937268
0.58034541
0.60409241
0.62371052
0.64607821
0.58524704
0.59882199
0.57958287
0.58942692
0.6408733
0.67893183
0.61946116
0.64924202
0.61567505
0.6154221
0.65815446
0.66819671
0.62786643
0.66616556
0.63199224
0.69900134
0.63989095
0.58985506
0.61928521
0.57650646
0.62001612
0.6020294
0.61549489
