0.98064322
0.97947927
0.99588345
0.96597422
0.94638508
0.97024063
0.98243301
0.96757405
0.96347821
0.99648776
0.94821751
0.9544757
0.94035184
0.95692418
0.95734406
0.9087068
0.9602791
0.91768481
0.98389957
0.95777475
0.973678
0.96603507
0.9512143
0.94519737
0.96787467
0.97281694
0.91794254
0.96089885
0.94871038
0.96901393
0.99954941
0.95294362
0.95669509
0.9358017
0.92409795
0.92421365
0.97240598
0.96128119
0.96311475
0.95643519
0.95470629
0.9140562
0.92375767
0.89730021
0.94120908
0.96921497
0.96761093
0.94387123
0.93568029
0.95666916
0.98209315
0.97492698
0.992941
0.90444035
0.94405845
0.96933407
0.96511992
0.91159698
0.95559574
0.96966368
0.92475117
0.95841504
0.95547104
0.97746664
0.96900233
0.95329461
0.9582637
0.95564777
0.94367929
0.95909923
0.92367228
0.96241263
0.9690434
0.95805572
0.94434641
0.95933902
0.97032527
0.98243997
0.96416998
0.9543039
0.94522952
0.96916291
0.94922944
0.98824175
0.93060492
0.99670139
0.95408419
0.95593824
0.94121539
0.96876601
0.96823815
1.00728417
0.95481483
0.98530405
0.93836985
0.96164653
0.99490961
0.94512873
1.00456532
0.96993504
0.92094331
0.96531271
0.98634752
0.92581583
0.95948178
0.96151816
0.94908384
0.98988704
0.99235097
0.97931796
0.96028287
0.9521259
0.94316269
0.97218347
0.95730044
0.985695
0.97256929
0.98085819
0.94473315
0.96577092
0.98763019
0.95381722
0.95977582
0.91837855
0.9731275
0.96688688
0.96557874
0.95432357
0.93040096
0.95946463
0.97896481
0.96548845
0.9392648
0.9658676
0.94473841
0.95486677
0.97590207
0.94570291
0.98285216
0.96671445
0.96397223
0.94716384
0.96325486
0.924533
0.93915211
0.94678315
0.95575346
0.97579965
0.9669052
0.9541928
0.93163629
0.98459831
1.02639249
0.97108458
0.95912739
0.9680643
0.97994731
0.96453946
0.95477969
0.97246447
0.99314847
0.9354733
0.95806099
0.95349159
0.96680623
0.9498551
0.96214054
0.95331747
0.9689854
0.93064076
0.93761294
0.91186775
0.94247232
0.94295135
0.95184499
0.99529352
0.96468209
0.97723628
0.96235987
0.96554402
0.92294651
0.97365444
0.97996126
0.95210858
0.96710488
0.95441828
0.99193356
0.99568958
0.97671769
0.98241248
0.95478206
0.96785364
0.96139429
0.96076638
0.95852143
0.94134692
0.90731433
0.98235543
0.91962704
0.94491844
0.95957369
0.9834234
0.96478503
0.96756625
0.93048988
0.96905822
0.9886644
0.94001214
0.925645
0.95131962
0.96484885
0.94627049
0.98308298
0.94394826
0.95542094
0.97663383
0.94028163
0.91442849
0.98125685
0.94239592
0.95445337
0.95340662
0.96702073
0.96540137
0.97848302
0.98648308
0.98004716
0.99200835
0.92057198
0.96070091
0.94274637
1.02730295
0.97667665
0.98074718
0.94738358
0.98124539
0.94002041
0.94715331
0.96702407
0.94602375
0.95234659
0.96060334
0.93142049
0.92733588
0.91627447
0.99046421
0.97866784
0.9593619
0.93787498
0.91841755
0.97560281
0.98026749
0.95788332
0.93083455
0.93841981
0.96662353
0.95755011
0.96076066
0.9460884
0.95356705
0.9651
0.9607909
0.93290132
0.96421465
0.94471806
0.95482293
0.97901946
0.98193038
0.94807991
0.95503137
0.96466
0.94946317
1.02244056
0.95277858
0.97111047
0.94779176
0.98212811
0.95685605
0.98098404
0.96352695
0.96542351
0.99197558
0.98700742
0.95174865
0.98052551
0.92421722
0.97420872
1.00201331
0.95053261
0.96335004
0.98325414
0.936213
0.94186434
0.98916661
0.9466597
0.93499404
0.93423539
0.90710727
0.96715423
0.95223358
0.88695436
0.88531603
0.94794291
0.94150659
0.89868497
0.95442415
0.92443135
0.96043702
0.9396177
0.93855976
0.91443348
0.9124988
0.94431505
0.94233202
0.95775982
0.96363015
0.91814605
0.96698397
0.95577247
0.94659403
0.95949587
0.9718409
0.90891292
0.92921461
0.93753753
0.90654895
0.91261938
0.94588477
0.9676296
1.00427991
0.95088368
0.93501063
0.90103352
0.92428748
0.93807831
0.92074712
0.94745307
0.92709152
0.95447343
0.91603646
0.90017831
0.89948296
0.91913736
0.93899601
0.9626014
0.91847231
0.92259414
0.93566023
0.95176264
0.95772118
0.93387147
0.92417565
0.92272489
0.9525273
0.93832461
0.93953819
0.96002835
0.96428192
0.94831854
0.94508319
0.96783313
0.96452925
0.93812909
0.94959198
0.92305909
0.94994078
0.94064062
0.94405986
0.92754359
0.91328229
0.90921681
0.96058054
0.89287975
0.88568834
0.97663249
0.93533224
0.92354109
0.95122869
0.96432263
0.91093781
0.94268443
0.9428801
0.94011086
0.92466058
0.93132682
0.90081814
0.90127473
0.94446866
0.92571413
0.93201792
0.93579921
0.93657878
0.90937625
0.98076567
0.94853105
0.90441979
0.95307002
0.96459196
0.97588256
0.90778909
0.96603878
0.95851832
0.96594516
0.93899157
0.90164651
0.93688745
0.93925807
0.95577677
0.94464687
0.92417903
0.94197155
0.9324328
0.95668694
0.97497838
0.90337127
0.93960268
0.96375044
0.961034
0.95044756
0.94972677
0.92409569
0.9170053
0.94050794
0.89761286
0.97132899
0.9124608
0.94747535
0.95902592
0.95772431
0.9271829
0.95902811
0.899306
0.93699918
0.9600549
0.93669623
0.90748136
0.9196796
0.92951975
0.92291671
0.98693805
0.94208355
0.94566066
0.93565661
0.93431937
0.93773269
0.92185657
0.93211169
0.95779549
0.98200128
0.94263207
0.91663591
0.93439152
0.94669693
0.92513727
0.9764397
0.92684974
0.94514028
0.94429666
0.94686083
0.93845471
0.95411222
0.94098387
0.91761049
0.93621049
0.95878013
0.9260073
0.96166013
0.92517924
0.94560767
0.93502516
0.94533168
0.92749687
0.9121653
0.93163263
0.95544783
0.95783533
0.92546253
0.94479099
0.92668984
0.9272691
0.93061045
0.90404178
0.94618439
0.91545627
0.91911298
0.92083833
0.93865684
0.95932934
0.96085984
0.94227279
0.91485341
0.94799002
0.93985661
0.94990325
0.94249077
0.96225272
0.9217758
0.95364572
0.94661442
0.92872883
0.96073806
0.9742564
0.98352736
0.92976456
0.93483508
0.91957782
0.88285237
0.93179736
0.92449089
0.93608973
0.94052567
0.92849352
0.91709857
0.94381262
0.91169883
0.94013467
0.93157608
0.97375271
0.91364014
0.91705167
0.90122177
0.93334551
0.96082049
0.94148828
0.93703215
0.92108486
0.93985947
0.91465894
0.94904315
0.90935236
0.97111639
0.9436187
0.9383938
0.90683489
0.92469718
0.91473252
0.9434687
0.94860591
0.92077208
0.96372234
0.91259399
0.94084524
0.92894997
0.9332277
0.93726777
0.92940945
0.92005399
0.93631695
0.92691819
0.92770044
0.97352293
0.94300825
0.93431319
0.93132813
0.95956958
0.92848117
0.9402866
0.93786698
0.96676414
0.96535045
0.943354
0.94991784
0.96440685
0.92234222
0.9288289
0.94219903
0.96241737
0.95267518
0.93226776
0.91087319
0.92167368
0.92309353
0.9437802
0.92215991
0.92978122
0.97227458
0.91985881
0.94901402
0.98924844
0.95568965
0.96538831
0.93925526
0.90844934
0.91533315
0.94022616
0.92675951
0.9024853
0.8921474
0.94218895
0.95354444
0.93680356
0.93679895
0.92904026
0.94941193
0.94345744
0.95985257
0.93217005
0.95514446
0.91880113
0.91148539
