0.90849585
0.93795924
0.92684964
0.95726965
0.93225842
0.93198606
0.91827046
0.90384621
0.88161785
0.9271906
0.90259717
0.90226595
0.91294774
0.92274852
0.91624111
0.93450071
0.93477767
0.933177
0.91212046
0.92590419
0.91588083
0.95861748
0.92612146
0.92974103
0.93266567
0.9113696
0.95693329
0.91725436
0.95101307
0.89519751
0.90819487
0.92486209
0.92625743
0.92484327
0.95593392
0.97589153
0.92027958
0.93446029
0.931113
0.92918479
0.92890356
0.93557807
0.95678555
0.93858601
0.94851956
0.93653708
0.97747236
0.94159856
0.88930251
0.931709
0.90622854
0.9326731
0.92726397
0.96754254
0.93836203
0.9304235
0.9530197
0.91907252
0.94724169
0.95283774
0.90969876
0.8868703
0.89719071
0.94955635
0.93821512
0.9665095
0.87716588
0.93245269
0.94495695
0.90969801
0.92928936
0.88347153
0.9552603
0.92444854
0.93924941
0.95778235
0.92297046
0.93751317
0.96147856
0.91706649
0.92696921
0.94354651
0.90697395
0.92812027
0.94941001
0.92807501
0.92556266
0.93376253
0.9482671
0.91285875
0.94022586
0.89071695
0.87655647
0.98445162
0.92129072
0.91526316
0.90314322
0.91500863
0.90459481
0.96491812
0.92715898
0.9205563
0.88742876
0.87693334
0.93793517
0.8992015
0.94387779
0.94382733
0.93613815
0.93930785
0.92734276
0.93665607
0.92718236
0.96571725
0.90442089
0.94994508
0.91351931
0.93294845
0.92317187
0.94220105
0.88266923
0.90450311
0.9508797
0.95056675
0.9436537
0.89370229
0.89410661
0.90927302
0.94607088
0.91145385
0.93957515
0.94328008
0.92391901
0.93415281
0.95587041
0.91701512
0.9064497
0.91485479
0.9691046
0.95478373
0.94901765
0.92532259
0.93851651
0.93826373
0.92622245
0.92653649
0.96027953
0.89644449
0.92741207
0.9218419
0.91262183
0.91514159
0.93318557
0.88944028
0.9365833
0.93923856
0.91593662
0.92253235
0.91338021
0.94422613
0.92847963
0.91696107
0.89794556
0.91293504
0.93930802
0.95657071
0.93531248
0.94280532
0.90025165
0.92528728
0.8924259
0.92209858
0.93864602
0.95607145
0.89681847
0.93166984
0.94500161
0.96452149
0.90089383
0.92704609
0.93254186
0.94664379
0.90273232
0.89643882
0.88719263
0.92202656
0.93349781
0.93944598
0.91056319
0.89320879
0.96953728
0.9822094
0.94847207
0.93259677
0.93424265
0.92261233
0.93335827
0.90408012
0.94310193
0.94299513
0.94311771
0.92428447
0.92300359
0.95245195
0.93484025
0.943678
0.94817946
0.92097496
0.90224641
0.91647904
0.98082819
0.91805485
0.89291117
0.9521977
0.91568151
0.93588432
0.92489179
0.90476484
0.89583918
0.94244589
0.93864094
0.91345661
0.9424273
0.95293138
0.92869238
0.90587461
0.94972238
0.91863616
0.95381908
0.9389328
0.92228154
0.93109434
0.93146276
0.93271994
0.93679005
0.88482201
0.92876439
0.93504067
0.89772443
0.96304009
0.9304238
0.94135176
0.92814623
0.87932542
0.94028981
0.93447229
0.95010709
0.9475345
0.92359724
0.93979926
0.93628445
0.93268773
0.90490661
0.90405111
0.92616933
0.93560244
0.89200191
0.91636712
0.9358656
0.94739195
0.94657333
0.91072554
0.952182
0.93635624
0.9154038
0.91885821
0.91803583
0.95611387
0.92131447
0.93602444
0.91408902
0.96141846
0.94077728
0.95783563
0.91435157
0.94297896
0.90547049
0.94354244
0.9089752
0.95767143
0.97815774
0.92912767
0.93021615
0.95610685
0.95279645
0.96370988
0.94237207
0.95036607
0.92058939
0.87892891
0.93921295
0.91101517
0.92126134
0.91133913
0.89675341
0.91819034
0.93053085
0.89589159
0.90597619
0.95052566
