0.80520885
0.83091605
0.76453157
0.77344494
0.7932952
0.7347853
0.79941029
0.76481296
0.79554056
0.81597632
0.76828119
0.81479929
0.78014114
0.78233117
0.74128124
0.71370952
0.76249311
0.76432726
0.78585672
0.76041366
0.78188237
0.81858826
0.78053313
0.80188064
0.80596219
0.75294742
0.78503279
0.80722181
0.80166537
0.76654096
0.75539854
0.7691763
0.80890877
0.7371381
0.7699023
0.7223851
0.80680712
0.7519217
0.81035114
0.7701734
0.71146105
0.72434194
0.75103183
0.80811198
0.82614779
0.80520264
0.77301837
0.77035233
0.79880228
0.82136857
0.78801996
0.72445325
0.75482223
0.75992598
0.75858932
0.73918377
0.83375779
0.770733
0.73532388
0.77277518
0.78734038
0.81430181
0.79545182
0.70100844
0.76731726
0.73599733
0.7635913
0.77503918
0.7107878
0.80302037
0.77400854
0.86418322
0.79285772
0.79840831
0.79683672
0.7322108
0.77834441
0.78343555
0.72124428
0.793915
0.78544717
0.75315337
0.84202429
0.76931211
0.80868238
0.8072715
0.76950418
0.7340101
0.76391889
0.7618966
0.75991541
0.75628283
0.77484233
0.77816028
0.8150399
0.73581887
0.78261812
0.71827549
0.79488319
0.78456745
0.79304175
0.79670432
0.79183818
0.82164228
0.80266282
0.77688037
0.7370742
0.81046585
0.79601104
0.78631883
0.83819826
0.8097816
0.83606546
0.77563567
0.79444334
0.79011712
0.75314248
0.74869996
0.81464498
0.80741634
0.73088654
0.78446703
0.78282935
0.84256014
0.76168705
0.77549691
0.76155708
0.75989851
0.76606926
0.72463127
0.73293619
0.80395597
0.76319248
0.83452839
0.720525
0.78420444
0.77475263
0.75522646
0.77943787
0.73053587
0.701749
0.75463134
0.76897178
0.78223335
0.81209659
0.85395728
0.76625916
0.76191447
0.77941695
0.77227976
0.8079997
0.80220465
0.7961461
0.82155726
0.74110051
0.75520532
0.78617334
0.76182133
0.80460031
0.8084587
0.78481149
0.76855658
0.75468597
0.7916491
0.77117355
0.79141138
0.7992584
0.77164399
0.78176803
0.7464699
0.76384466
0.82071967
0.80405006
0.77384065
0.79913388
0.8126296
0.73915151
0.80016395
0.76561792
0.7851595
0.75866498
0.76222177
0.73186542
0.79396464
0.79607193
0.77756165
0.7667891
0.82866882
0.82022822
0.72657851
0.74665533
0.76348915
0.78510192
0.73938189
0.78046182
0.79678517
0.79416449
0.79943183
0.78100412
0.76109515
0.78255681
0.81329259
0.76180096
0.78815264
0.77869923
0.78935982
0.779569
0.75019322
0.75933455
0.79584721
0.75248127
0.83637866
0.78209396
0.78727827
0.72571688
0.80821108
0.78663302
0.74485687
0.80585139
0.77543685
0.74652748
0.76871887
0.77200373
0.80853561
0.79573552
0.82127962
0.76957291
0.77512969
0.81572589
0.80656985
0.801064
0.72257784
0.7785355
0.80198125
0.77283633
0.730024
0.78415912
0.71346618
0.77090053
0.82961159
0.73701529
0.79422089
0.77562156
0.73723383
0.75479973
0.81173804
0.82809767
0.77319607
0.76582872
0.76389345
0.81153676
0.79983658
0.7753947
0.73567072
0.7315163
0.76703235
0.79170826
0.79705493
0.80222578
0.75270807
0.7802218
0.78063871
0.72514806
0.75100014
0.77679607
0.76255098
0.74598726
0.78687937
0.80061061
0.7701246
0.74668057
0.75193219
0.81378883
0.77354131
0.77012767
0.76118919
0.74528354
0.71600433
0.73969663
0.78145119
0.73410479
0.76658462
0.79166158
0.77637245
0.76104143
0.78048286
0.81624032
0.7968539
0.75502879
0.79459347
0.7511275
0.78825997
0.7229219
0.75390067
0.75565295
0.7955016
0.81689278
0.74794377
0.75053697
0.81897724
