0.34194314
0.32728936
0.36321383
0.39068533
0.35679407
0.35120105
0.38728438
0.3903905
0.44209602
0.41411442
0.40628876
0.41461383
0.3360573
0.42802929
0.3973691
0.33210668
0.36397351
0.3945225
0.40953344
0.34481745
0.36613016
0.38391535
0.37973162
0.34825307
0.35427199
0.30760577
0.42484765
0.41672027
0.42404331
0.45693852
0.34079055
0.3063153
0.32001581
0.36620284
0.37489499
0.39795543
0.38936216
0.3952152
0.35974305
0.37504776
0.39990539
0.3439588
0.37873622
0.4158441
0.36263465
0.37657185
0.39755793
0.31501168
0.4294011
0.39538068
0.34415396
0.42097705
0.35953359
0.3627626
0.35460956
0.38140568
0.37135977
0.40804151
0.37275382
0.38162079
0.37795956
0.37557095
0.34479106
0.37219575
0.37607412
0.35929654
0.40236552
0.34828814
0.4518638
0.4755239
0.33259646
0.38082664
0.37845404
0.37157759
0.36977785
0.41285934
0.30370714
0.37187913
0.39979173
0.34918805
0.45830466
0.38757398
0.31985378
0.32539831
0.42623054
0.35008784
0.41302939
0.4064175
0.36940631
0.35533143
0.36333401
0.3439996
0.37989139
0.3804738
0.3312277
0.40326382
0.38398969
0.37522004
0.43069934
0.41309158
0.36453925
0.40240965
0.3865498
0.34005345
0.40312201
0.3718647
0.35756153
0.39990821
0.38163217
0.31763914
0.38219137
0.40115831
0.38592252
0.38949549
0.45243181
0.37674537
0.39058321
0.37745962
0.32903316
0.37380704
0.3564381
0.39583486
0.36945851
0.39265805
0.39229999
0.34094013
0.34402073
0.34452982
0.3619132
0.35860178
0.35803681
0.3674046
0.38761117
0.35963189
0.37523596
0.39406667
0.35240544
0.39849918
0.43216228
0.40077005
0.39554558
0.33442428
0.39501714
0.31275166
0.39723237
0.36408454
0.3914374
0.36288205
0.38132802
0.38515869
0.38068945
0.40931165
0.38383269
0.39888744
0.3662819
0.36454445
0.34954622
0.36607471
0.39974829
0.44618851
0.36664854
0.35836716
0.37503417
0.41230901
0.35477345
0.34326956
0.34371355
0.33580427
0.37221227
0.36430146
0.29504135
0.36232205
0.36739907
0.38165399
0.39050905
0.35072698
0.39277549
0.37747364
0.42910133
0.39249613
0.40220236
0.39831603
0.44223394
0.37347387
0.42707539
0.34664899
0.41048168
0.45760882
0.38296113
0.37938151
0.32228308
0.35632803
0.42041084
0.40092685
0.37964964
0.39947679
0.41875808
0.33611741
0.33773306
0.46956872
0.42465017
0.33941448
0.396811
0.39761395
0.34900072
0.36203217
0.33891231
0.37273488
0.39586531
0.3291506
0.37314327
0.36624316
0.36242132
0.30414357
0.35761187
0.36575295
0.32832054
0.38491297
0.40618738
0.39081857
0.37232938
0.42086075
0.32222578
0.3643559
0.40270935
0.40842768
0.33853578
0.30852315
0.38965027
0.43918028
0.38856295
0.3319534
0.37667917
0.39009624
0.36272826
0.34574981
0.33657537
0.39136372
0.3415034
0.39902794
0.38562034
0.41204991
0.33044574
0.35837568
0.33558214
0.3276153
0.31033658
0.39014557
0.42307544
0.4175177
0.39642787
0.37863395
0.37231787
0.40045469
0.3929386
0.32294595
0.3431272
0.38366679
0.34423445
0.39140542
0.40730758
0.41192561
0.41023437
0.37452602
0.38810588
0.34287708
0.29984506
0.33739145
0.43156025
0.36990331
0.4025942
0.42035985
0.43792036
0.34214817
0.37189341
0.38041442
0.37497267
0.30047204
0.42800034
0.39632302
0.41560131
0.33153611
0.40106143
0.36113161
0.335429
0.39357116
0.39512881
0.32700508
0.25626394
0.40585157
0.31474721
0.34370084
0.3768244
0.36559723
0.40521721
0.35298463
0.33550255
0.30029752
0.34726569
0.39294062
