1.07663211
1.0901424
1.07462851
1.05364897
1.05937986
1.05090786
1.0872284
1.06022325
1.07775686
1.06117744
1.02428507
1.07810207
1.09444715
1.08350582
1.04668035
1.11630386
1.09384474
1.09802609
1.07643581
1.09120651
1.0857165
1.07398754
1.07139502
1.09107994
1.07692487
1.05181171
1.09218504
1.07571167
1.10937043
1.08910762
1.09151481
1.06909459
1.07851822
1.09159084
1.05039873
1.08561618
1.08138384
1.01677305
1.12239246
1.06508229
1.07973359
1.08221844
1.06843125
1.07687641
1.09619842
1.05660449
1.08438372
1.06848562
1.041602
1.06891464
1.04815539
1.0708871
1.0803226
1.1120372
1.06110885
1.05737779
1.09118466
1.07564111
1.04189663
1.04006551
1.05739577
1.07974805
1.0909403
1.05519661
1.12128127
1.0934805
1.09008143
1.10696619
1.07120389
1.10657827
1.07585491
1.08251294
1.04625459
1.10351085
1.04712439
1.06844474
1.06126864
1.0390835
1.10433387
1.1130155
1.08123997
1.06531099
1.06746255
1.07545303
1.06211836
1.08399202
1.08718092
1.06565818
1.07682447
1.06888605
1.05172574
1.10674161
1.09137725
1.01930801
1.04957697
1.08351395
1.1001575
1.0781663
1.0717835
1.06978054
1.09973603
1.04142696
1.06578872
1.06413918
1.07952091
1.03653457
1.07448955
1.0865853
1.11409998
1.05724799
1.06657077
1.06699721
1.06953261
1.10727556
1.07585496
1.09417803
1.06879275
1.10177411
1.04517777
1.06152674
1.07845665
1.09737655
1.07845934
1.01668587
1.06317576
1.09334602
1.07164653
1.05787111
1.09504735
1.0805306
1.09711702
1.07475549
1.08761451
1.07891712
1.06978169
1.0666823
1.10629007
1.08823334
1.08915662
1.04833976
1.10488528
1.10205252
1.0334895
1.07743835
1.07948871
1.10045513
1.095041
1.05993153
1.05803363
1.05287883
1.07728042
1.06238295
1.03376195
1.10366873
1.07722261
1.08448394
1.07426698
1.08706976
1.02462129
1.05460665
1.06350295
1.03461395
1.11499378
1.03903295
1.09699783
1.09086645
1.08044433
1.05689624
1.09268009
1.06468801
1.06750001
1.07194604
1.07976446
1.06489128
1.11237285
1.01798704
1.10938442
1.07994071
1.10049022
1.09686078
1.09751977
1.06112317
1.06504476
1.06413371
1.09473491
1.06133977
1.10504485
1.05126743
1.0882568
1.0385754
1.07279445
1.06864697
1.08721523
1.03268792
1.04131674
1.09953236
1.05743345
1.10835106
1.09703983
1.04244936
1.0893704
1.09332724
1.07184105
1.08552904
1.02356817
1.08383036
1.09951774
1.05588351
1.06595134
1.07445578
1.11806689
1.06657457
1.08268533
1.05210069
1.06875933
1.06214167
1.09277375
1.08627171
1.06706356
1.07666872
1.07806683
1.10689244
1.08524999
1.05923695
1.0812063
1.0962501
1.08722399
1.08393053
1.0836417
1.04452702
1.09622537
1.04577963
1.04182775
1.05103813
1.08635871
1.12553469
1.04013446
1.03805452
1.06162343
1.06304826
1.06092816
1.02263231
1.0811152
1.04879493
1.07777914
1.10080354
1.07164189
1.04267126
1.09498091
1.07917565
1.07595404
1.05248307
1.01165929
1.06183578
1.02065116
1.05768016
1.07778729
1.09749247
1.08014307
1.10082823
1.05079271
1.1036206
1.08540617
1.05942385
1.06787999
1.04637491
1.06754779
1.09689358
1.07724975
1.09225292
1.0689508
1.10344484
1.00770793
1.09170247
1.07696223
1.0563787
1.06220787
1.09085528
1.085989
1.06547685
1.04876916
1.09972149
1.09237226
1.06615757
1.07733577
1.08683974
1.07227431
1.08247041
1.09442972
1.07493251
1.04267585
1.08708335
1.05982447
1.04615667
1.0695722
1.0680689
1.02977477
1.06600355
1.09295414
1.10636434
