1.16979595
1.15878789
1.1336336
1.09013325
1.10583718
1.13076222
1.07915399
1.11494737
1.12541582
1.12032073
1.11368303
1.11820294
1.1111744
1.1361685
1.13505329
1.11067174
1.13286369
1.07999278
1.12721946
1.1422209
1.13385051
1.12676303
1.08828205
1.12499043
1.15602626
1.15005946
1.11638381
1.1069343
1.12869848
1.13008326
1.11230364
1.15306521
1.16094722
1.12243932
1.13240117
1.15295807
1.12550074
1.13884595
1.11953831
1.15293824
1.0674243
1.13388964
1.14571035
1.10640183
1.10793876
1.1145987
1.09430439
1.10603531
1.11449499
1.10686699
1.13361845
1.14871903
1.11475478
1.15691105
1.13081839
1.13532656
1.11519105
1.15245986
1.14201203
1.14737878
1.13414578
1.13515827
1.12934171
1.06704282
1.1288543
1.12739819
1.11094522
1.09923084
1.12950389
1.12745258
1.12639063
1.11380609
1.13217565
1.15508491
1.11756507
1.12461905
1.12766239
1.15045746
1.119815
1.160431
1.13742973
1.14010926
1.12676746
1.12711893
1.15659021
1.12456326
1.13428064
1.15453174
1.13058092
1.1192435
1.09902639
1.10577657
1.11266605
1.13221934
1.11712273
1.16105905
1.10601351
1.12569746
1.14548707
1.10770078
1.15019957
1.13955376
1.12051017
1.10054072
1.13164039
1.13492243
1.14386028
1.10235171
1.1133898
1.11942186
1.12533295
1.12343785
1.09354868
1.10212284
1.14923806
1.11965286
1.12285899
1.13161976
1.12477214
1.15844316
1.13820035
1.16096881
1.09013216
1.1321448
1.06898552
1.14133261
1.14386744
1.14410963
1.10441346
1.09613986
1.12902939
1.15736525
1.12161419
1.14566066
1.12860197
1.11729279
1.08527183
1.13118538
1.09738881
1.11733468
1.11184436
1.13559662
1.07308822
1.13993274
1.13055223
1.1488109
1.123357
1.14652032
1.11975137
1.14237574
1.11166558
1.17397932
1.12610967
1.10890083
1.13394191
1.10188495
1.15018083
1.15513535
1.1116169
1.12534703
1.12606214
1.16102925
1.10802393
1.14664235
1.0912837
1.13736216
1.15824503
1.11998979
1.13845773
1.14597993
1.14319389
1.14922725
1.13703448
1.15167457
1.10604113
1.14522118
1.13339928
1.12768635
1.08999083
1.13286759
1.14769879
1.10920233
1.14401343
1.14271426
1.15021437
1.12742444
1.12199381
1.11443778
1.14565887
1.13116325
1.09930039
1.12897373
1.12410092
1.13435834
1.11717348
1.13872099
1.11412916
1.14156173
1.14941056
1.14824039
1.13769291
1.13741994
1.11763138
1.15198152
1.13611266
1.1375328
1.09821062
1.09844617
1.14104154
1.12412167
1.15770969
1.10509754
1.1557575
1.11706243
1.1451306
1.12853478
1.1403456
1.12686962
1.11979454
1.15087593
1.11157123
1.13536031
1.08525482
1.15751528
1.13343417
1.10180779
1.09694431
1.10203265
1.12556975
1.13754233
1.13528271
1.09735381
1.127518
1.12500351
1.1586465
1.14222346
1.13867606
1.12940556
1.1109781
1.14118747
1.10495
1.13511012
1.14840487
1.0916737
1.15315306
1.12515246
1.15379332
1.13943943
1.13933768
1.07509536
1.13607005
1.13591504
1.13254232
1.11293576
1.17498838
1.14359342
1.14664877
1.09863435
1.1345947
1.16119667
1.12488712
1.1534388
1.17027077
1.11900897
1.1260837
1.11708612
1.14017506
1.14708496
1.14497837
1.1500898
1.12145494
1.11598004
1.13855413
1.10132857
1.14334094
1.12836196
1.12904661
1.13094904
1.15747554
1.11522027
1.15598645
1.12843836
1.1076555
1.13958366
1.11491498
1.12971185
1.12692885
1.11602884
1.10245256
1.16088523
1.10300171
1.13320995
1.15018731
1.10913703
1.1406331
1.11475904
1.16439551
1.13340465
1.10458859
1.10539699
