0.35242422
0.38056933
0.34951472
0.32283141
0.32523561
0.40646537
0.26888684
0.39701368
0.34601966
0.29405154
0.34684266
0.33117004
0.37187568
0.27622713
0.27788784
0.27992394
0.33776303
0.36137246
0.33154867
0.32542844
0.32522694
0.34228653
0.30770154
0.37621765
0.34032904
0.27187506
0.31995371
0.34577855
0.31859636
0.2624111
0.2844806
0.37564353
0.39596279
0.35572538
0.27027174
0.3531435
0.34858247
0.29120829
0.27267984
0.35680923
0.34129766
0.35876329
0.34707674
0.30810612
0.30551961
0.23224528
0.33838928
0.34360721
0.31577119
0.41354354
0.26884512
0.26784559
0.29075074
0.30330904
0.32799468
0.3878248
0.31496159
0.40361677
0.41746627
0.41278914
0.38847849
0.24287908
0.3341116
0.35467302
0.33673869
0.40585872
0.33321575
0.28415297
0.39283916
0.37649265
0.37189515
0.25476896
0.38908923
0.37039883
0.38419579
0.32445758
0.27423978
0.23532731
0.30962761
0.36928853
0.35475623
0.33133311
0.27428134
0.30292675
0.38002999
0.31769123
0.38774154
0.28003006
0.2808908
0.3697741
0.32362693
0.33013724
0.28369965
0.34508977
0.41725247
0.40718422
0.32710926
0.36107367
0.34156926
0.31448962
0.28078569
0.3591828
0.35232726
0.38962252
0.29891865
0.37301045
0.33361433
0.28750374
0.35073834
0.28608659
0.23711645
0.32044063
0.30645371
0.39165085
0.41368283
0.32126975
0.30104869
0.36659296
0.32914095
0.28964625
0.35631309
0.38853092
0.32940045
0.32434907
0.34298657
0.35964623
0.28640989
0.41624073
0.34452575
0.27151487
0.34971782
0.35182614
0.31969969
0.34459317
0.37396378
0.24722892
0.28687277
0.38356852
0.3849959
0.37295362
0.3068892
0.29398558
0.29333091
0.29441788
0.3164992
0.37307499
0.36895072
0.29396127
0.23623857
0.38026391
0.34599585
0.29246626
0.33804638
0.36070692
0.37776671
0.33201729
0.31859456
0.29573663
0.33223337
0.2492144
0.30555367
0.36146914
0.34348115
0.27882425
0.47587155
0.31343067
0.33811455
0.40017021
0.32360677
0.33781534
0.29993629
0.30443442
0.31510881
0.34696632
0.32491903
0.34963718
0.27332561
0.2810859
0.27880466
0.38352471
0.30495822
0.31618401
0.36843887
0.29681431
0.19177682
0.35270258
0.36033621
0.3064683
0.33958984
0.3838165
0.27990386
0.36174072
0.33642327
0.32693304
0.25430789
0.35457021
0.40147909
0.32170851
0.30443571
0.29924552
0.34020633
0.37738534
0.32888826
0.23373443
0.38512233
0.35869449
0.34112896
0.32445867
0.32675918
0.36500603
0.33698541
0.2763104
0.29563877
0.19328162
0.33857124
0.26166317
0.27808584
0.37288539
0.3626303
0.32785048
0.28305006
0.26647098
0.30335624
0.29998938
0.30138173
0.36172074
0.35319117
0.24545816
0.33052583
0.25913001
0.29252906
0.31483147
0.34304667
0.30589012
0.33673966
0.31179803
0.31857954
0.3178564
0.36692227
0.3352095
0.35449703
0.36174407
0.29620409
0.29424573
0.34905027
0.3151043
0.39182779
0.20647485
0.37740989
0.34981721
0.22300433
0.30693848
0.40304072
0.27064569
0.35810548
0.3356249
0.43185766
0.24265999
0.30453242
0.27512657
0.28614301
0.34410377
0.33710246
0.2861038
0.37221135
0.26604375
0.33518826
0.31734669
0.33864744
0.37636412
0.27956511
0.38649604
0.34191149
0.32058979
0.33189318
0.28616256
0.26690207
0.33298674
0.29833038
0.40186348
0.34252386
0.28302015
0.40705007
0.33724376
0.36328785
0.36444759
0.29818456
0.25752558
0.31002319
0.33988816
0.30710648
0.36935743
0.34735394
0.36187014
0.37312206
0.30947035
0.35990574
0.32409671
0.41615241
0.39395798
