0.14052833
0.1897233
0.15191219
0.16119829
0.12878292
0.13318081
0.12561807
0.16489373
0.12723498
0.1439041
0.12931192
0.13001828
0.08548063
0.15356463
0.11259594
0.12361606
0.13405257
0.13254177
0.21155858
0.12164144
0.13880012
0.19238665
0.1218467
0.16432282
0.18513291
0.15884427
0.15519445
0.11034025
0.16272788
0.15274961
0.14556588
0.1685753
0.11553256
0.15086483
0.14864815
0.20216518
0.19633311
0.16625133
0.17935853
0.15657564
0.14208488
0.1330761
0.13730531
0.11033571
0.13107739
0.16919366
0.14257211
0.08894005
0.15553614
0.10920947
0.15284775
0.20532531
0.11273123
0.16224985
0.15530298
0.13245489
0.16455766
0.16038936
0.10926597
0.11238288
0.15852082
0.12761899
0.14021906
0.16106573
0.12651641
0.0873936
0.15997768
0.1507097
0.18097058
0.15930096
0.09648439
0.14285181
0.18709157
0.13074816
0.13915478
0.15889735
0.09705847
0.1141101
0.15809513
0.13483437
0.13583646
0.12605514
0.10520457
0.18872044
0.10642517
0.14079275
0.12437471
0.11986041
0.09696569
0.20408478
0.14214863
0.14304374
0.13596529
0.12860358
0.12543035
0.17995764
0.11327296
0.1253967
0.13531831
0.11403197
0.12322845
0.13152607
0.09402617
0.14356561
0.14323293
0.10831709
0.12279246
0.16396364
0.12727139
0.20083398
0.11407755
0.13471954
0.08574112
0.14306871
0.16234952
0.09315434
0.12363652
0.16247507
0.12280419
0.11874746
0.12914335
0.11537359
0.1587745
0.13374318
0.1640038
0.18565139
0.16911909
0.09179773
0.20106726
0.13795403
0.11036521
0.11033019
0.14752449
0.14953532
0.16265442
0.14097574
0.14766082
0.07421667
0.13007064
0.10957668
0.16539168
0.17032669
0.15165012
0.14961118
0.14999147
0.11866519
0.14805189
0.11345804
0.12154138
0.16300822
0.15584682
0.137426
0.14389298
0.11336927
0.17237856
0.11689308
0.14804451
0.08355028
0.15647262
0.09913092
0.13960839
0.11183438
0.09505109
0.17012691
0.11982673
0.10807819
0.15707191
0.14005767
0.13653133
0.12866129
0.14448744
0.17420839
0.18101074
0.08654267
0.07771608
0.21695693
0.17541781
0.14968664
0.17700113
0.11451383
0.1608585
0.13434672
0.11264902
0.12893288
0.12031153
0.14931284
0.17078767
0.1596806
0.09755811
0.15628157
0.12099326
0.13556526
0.1377104
0.12489327
0.12142823
0.16441269
0.15772609
0.13453585
0.13631292
0.13719003
0.11374473
0.18338127
0.14348703
0.10705931
0.18540316
0.14066888
0.17548357
0.16096557
0.13591205
0.20023068
0.14348521
0.14700108
0.17661463
0.11697774
0.08349065
0.11291945
0.10773358
0.12275527
0.13171055
0.10924126
0.14383505
0.14130356
0.09922449
0.17236393
0.16088011
0.17942722
0.11608243
0.11341648
0.16216139
0.17081708
0.09600915
0.17106935
0.17540356
0.19359128
0.16823017
0.16877298
0.11391326
0.14105953
0.18655055
0.13937453
0.11336084
0.1264903
0.13712122
0.103949
0.14719007
0.15690758
0.17642483
0.21504795
0.19940011
0.12368289
0.12252536
0.17051237
0.12684635
0.1234012
0.08915389
0.19114914
0.15815342
0.14940391
0.14632066
0.14760509
0.09927083
0.10785743
0.16060955
0.16636767
0.1288377
0.16040416
0.18514151
0.08836648
0.10082928
0.18986989
0.11684139
0.13734729
0.11038449
0.10367331
0.1271373
0.15317043
0.17955911
0.11669587
0.1558035
0.1501861
0.17981065
0.0905121
0.10560826
0.17973643
0.14929073
0.13688014
0.13376503
0.17635403
0.10256263
0.14870049
0.17990335
0.07401458
0.16756827
0.11250282
0.12784871
0.1673754
0.1177522
0.17062541
0.18702318
0.11039391
