0.61046665
0.54133579
0.62586855
0.65527696
0.67363288
0.61348126
0.5815726
0.60407992
0.57444698
0.61738867
0.58805746
0.62630258
0.59244141
0.59004644
0.57049912
0.64979956
0.59202105
0.60125631
0.58085988
0.57061628
0.58515851
0.55981892
0.58075405
0.60658494
0.555564
0.64782164
0.58359623
0.58925694
0.62933895
0.59847762
0.58859049
0.54432076
0.59150875
0.60521433
0.57022331
0.56233723
0.59422156
0.55914771
0.58555011
0.54104326
0.54565232
0.61294368
0.59762809
0.54245191
0.64795211
0.59641756
0.55321163
0.57219789
0.57218938
0.55029803
0.58972107
0.58327516
0.60082072
0.55816284
0.61619299
0.57661834
0.55483498
0.62772758
0.5792601
0.64705977
0.57806783
0.58928637
0.59546863
0.5828244
0.60160501
0.59750201
0.57253472
0.5982322
0.59247869
0.59110758
0.56218431
0.59155797
0.57881806
0.60176394
0.58239085
0.57824161
0.57956998
0.60942698
0.59879557
0.56092951
0.58165565
0.51832013
0.57380369
0.57286925
0.60656656
0.56089291
0.52009398
0.60839836
0.61786308
0.60439407
0.57258002
0.61432225
0.58492973
0.63425365
0.58733391
0.61095603
0.58020426
0.60458243
0.59383083
0.58841958
0.58795658
0.60811374
0.56499177
0.57784766
0.57546776
0.59871825
0.59403485
0.57623083
0.52458473
0.61925817
0.60035847
0.56773888
0.5761988
0.60110923
0.60189504
0.55275935
0.55998626
0.5710042
0.52820898
0.58005413
0.61049859
0.52577494
0.60945742
0.58131769
0.59083172
0.6403818
0.60968131
0.60194047
0.62777643
0.61870446
0.57167993
0.54225245
0.52617235
0.60865759
0.6168705
0.5757417
0.61694539
0.53440061
0.60905941
0.57865153
0.63019301
0.59245496
0.53090297
0.62326828
0.58528126
0.53053296
0.55387368
0.56477611
0.52835842
0.56563114
0.579368
0.60265577
0.61107463
0.56310767
0.61106466
0.6060322
0.55848343
0.57514445
0.55593554
0.57802809
0.58528901
0.63216138
0.54927841
0.58686384
0.56370814
0.60338916
0.59669204
0.5593339
0.58572697
0.57444507
0.6165149
0.5788348
0.58232907
0.60434678
0.54283546
0.58751242
0.59074534
0.57340466
0.54707829
0.61148408
0.58754023
0.52676718
0.64632136
0.59513569
0.62869426
0.56773695
0.61221516
0.58116071
0.60495878
0.5935495
0.62821393
0.60393904
0.57498819
0.56240868
0.62291648
0.54016445
0.6238144
0.5262488
0.60041323
0.57253565
0.58170265
0.54361194
0.58924373
0.56544498
0.53857873
0.58156541
0.57587886
0.6434785
0.55480828
0.59925963
0.55717854
0.60058882
0.58797624
0.5659249
0.54707008
0.60410729
0.60068989
0.59054457
0.51190444
0.53241465
0.59178494
0.63804134
0.6318835
0.62333715
0.57143327
0.59705944
0.51608319
0.5695085
0.60149534
0.56909993
0.63896723
0.56815594
0.61120074
0.57084491
0.60123051
0.5915088
0.61761297
0.61445781
0.57837859
0.61167042
0.56993189
0.60268064
0.59107739
0.61248206
0.59939837
0.53670945
0.63994982
0.56133661
0.54140044
0.63624476
0.62458066
0.63171338
0.57817967
0.61527577
0.56893083
0.66021184
0.61099671
0.5766784
0.52334259
0.60607913
0.61091305
0.57349227
0.53207814
0.61962443
0.5502339
0.59928478
0.56236827
0.54490303
0.59114917
0.60825329
0.58415348
0.56177539
0.64074039
0.5983273
0.56969098
0.57215302
0.55220092
0.55126501
0.54359172
0.59209247
0.55907585
0.5423175
0.64730128
0.51054522
0.634173
0.59614812
0.61021642
0.6304323
0.55406321
0.58615477
0.50447278
0.61783538
0.55377462
0.58639457
0.54947776
0.60794671
0.53774097
0.54901598
0.60699346
0.65327526
