0.53294061
0.47022786
0.4636878
0.51879617
0.46972423
0.4964537
0.47257741
0.48860846
0.51790115
0.49467107
0.49665469
0.5413855
0.49866428
0.5089993
0.5416309
0.5793245
0.45870549
0.49266236
0.43945554
0.4718529
0.54327198
0.50498854
0.53653815
0.50028229
0.51225896
0.54263346
0.49095586
0.49881552
0.55694891
0.46697209
0.422932
0.50222238
0.53832107
0.53168361
0.52713692
0.53874352
0.50636267
0.54325057
0.52481562
0.46237365
0.40645563
0.45476679
0.52638336
0.41916405
0.51447482
0.56319876
0.54421291
0.4486197
0.51599109
0.59000477
0.52304537
0.4831811
0.42068349
0.43624489
0.43302273
0.48665217
0.46038003
0.5311511
0.4895765
0.47288165
0.47549874
0.54571705
0.51103722
0.49134052
0.5372455
0.47880444
0.50312081
0.50257573
0.49912818
0.54104369
0.45029552
0.50706367
0.50174408
0.48030748
0.4103769
0.49726835
0.48364297
0.50756833
0.51064348
0.50385161
0.49358765
0.5884973
0.49308929
0.45131936
0.43345623
0.48900201
0.4623792
0.49243743
0.47269619
0.48179518
0.49842741
0.43781609
0.54151995
0.47107417
0.50592408
0.49384657
0.5349182
0.48992446
0.5028053
0.56793191
0.53269758
0.54419032
0.47933384
0.47016065
0.44727551
0.493069
0.53125378
0.45558433
0.53267695
0.50331239
0.49568918
0.48824062
0.4474154
0.45525525
0.54693249
0.45107147
0.52463031
0.48548485
0.46416162
0.45251264
0.47641229
0.45488476
0.48545656
0.52843617
0.50168094
0.47656722
0.49667843
0.5020254
0.46226894
0.49712255
0.46756289
0.47293781
0.51548458
0.51629127
0.50787147
0.50930463
0.48248763
0.55556814
0.50275048
0.49419166
0.50185848
0.5792539
0.48047494
0.5028297
0.50643904
0.5134939
0.53668116
0.48814506
0.50277444
0.49590224
0.50330721
0.46326543
0.54987488
0.50343807
0.49621699
0.53489067
0.51400803
0.41109557
0.45805824
0.45962514
0.4393585
0.46513088
0.46116453
0.53371643
0.48904556
0.43746223
0.48197348
0.48970037
0.46541485
0.51145435
0.49873274
0.52831879
0.4870731
0.47861283
0.51566272
0.53434869
0.46450137
0.53148888
0.5459085
0.48779247
0.46347256
0.47376643
0.4701575
0.44571728
0.45156908
0.4875036
0.38008291
0.48361171
0.52610456
0.52022192
0.49805941
0.43034411
0.49347858
0.52072498
0.49292968
0.51574732
0.53197471
0.48331726
0.47222593
0.52472477
0.44599935
0.5762122
0.47198799
0.46279975
0.4372022
0.46326537
0.49400308
0.51147302
0.47733994
0.45290236
0.44236048
0.51362131
0.49578481
0.47884486
0.50498895
0.4685674
0.52943171
0.44150272
0.49160263
0.5061287
0.56070261
0.4814669
0.51593396
0.45704327
0.47448072
0.56842114
0.42389678
0.47515272
0.56773137
0.51629787
0.46792407
0.49441044
0.4623175
0.42559399
0.44038029
0.47180573
0.49250482
0.50100842
0.50397178
0.4956825
0.52114896
0.52036971
0.53763758
0.43925814
0.46444841
0.51824682
0.46558316
0.45493705
0.49093936
0.4733486
0.53656121
0.51464191
0.5064661
0.50240826
0.4862438
0.47796411
0.53931892
0.52964974
0.50856969
0.47575658
0.52676928
0.49054208
0.49881934
0.46090519
0.57318924
0.49070908
0.47746896
0.57761192
0.53440116
0.59599925
0.47326847
0.44803416
0.49667149
0.54085481
0.46009086
0.41104028
0.48187585
0.52044069
0.53263305
0.48993852
0.49988922
0.45011732
0.4757826
0.4682237
0.51295507
0.49732357
0.51675225
0.46875765
0.536832
0.50492428
0.4567816
0.55968574
0.51062538
0.50238372
0.50045788
0.54808336
0.4672413
0.38490365
0.48912732
0.54267661
