0.82291692
0.86254936
0.84620988
0.82260027
0.91956229
0.84639865
0.8283943
0.85561365
0.85568659
0.88607329
0.81774454
0.83887509
0.86655572
0.8659516
0.76931262
0.85968381
0.84388827
0.83401123
0.85925628
0.84462743
0.86675828
0.77251337
0.83812679
0.91350441
0.85422536
0.85069394
0.86965682
0.82538626
0.83493927
0.91348109
0.82504577
0.85392929
0.80013688
0.8786316
0.89320007
0.89256415
0.82408171
0.9217284
0.8327356
0.89755837
0.79471123
0.8806727
0.8457687
0.81601768
0.83224475
0.84340783
0.86231074
0.85578895
0.80317677
0.7966212
0.84719779
0.85555493
0.83447585
0.91074389
0.84733294
0.81497934
0.82081001
0.84934367
0.84859324
0.83307954
0.8361076
0.85548877
0.86319292
0.86900704
0.88063782
0.90870435
0.8673724
0.86003867
0.86560779
0.87869216
0.88117284
0.8648448
0.89101581
0.84947102
0.85530335
0.87616352
0.86755551
0.87782095
0.86022578
0.86317464
0.86488721
0.86624603
0.85778658
0.79064227
0.85905123
0.84598495
0.84763181
0.83570095
0.877967
0.83531651
0.81409641
0.84930945
0.85269116
0.83353149
0.8697151
0.84754658
0.85683152
0.81318313
0.85360472
0.88945316
0.86385342
0.83786956
0.86676675
0.83349067
0.88407968
0.84340605
0.83396772
0.8360105
0.8609642
0.8024603
0.84546356
0.79297125
0.86231159
0.84045908
0.83856981
0.92107453
0.9082633
0.86762398
0.8664721
0.91700011
0.86247551
0.78942488
0.82377175
0.88060476
0.89497259
0.81874679
0.89396652
0.89401604
0.84435007
0.85629958
0.88881686
0.8311132
0.87194108
0.85401345
0.85410953
0.86784716
0.86598399
0.88492252
0.83187001
0.8828676
0.88311032
0.83804768
0.88266798
0.8250781
0.85311507
0.83930102
0.76852269
0.85325614
0.85861769
0.86189883
0.85677822
0.82495935
0.85345906
0.84977334
0.84830399
0.85115086
0.8223292
0.82304036
0.87137
0.89122972
0.87643507
0.84664057
0.87672656
0.81345792
0.86658549
0.83168811
0.9157937
0.89831661
0.8633674
0.86353572
0.83622666
0.90098876
0.85414648
0.84914442
0.88418579
0.83752503
0.90857847
0.84858997
0.81800554
0.91186502
0.80403414
0.87570109
0.85295449
0.85671412
0.8955943
0.89475289
0.84843675
0.80298101
0.87491995
0.82129767
0.9211229
0.8299693
0.81588231
0.87123618
0.82002344
0.87195279
0.86596053
0.89420288
0.87243672
0.80286252
0.84301531
0.85348746
0.82317867
0.8405561
0.84758669
0.84683536
0.84791051
0.85620157
0.85170767
0.88365009
0.85853308
0.8520822
0.83354165
0.84122381
0.87088598
0.8430547
0.87227572
0.88788603
0.86800937
0.89354605
0.87422988
0.89638859
0.79732548
0.87736811
0.87392947
0.89516922
0.86700788
0.81814129
0.79905155
0.8123617
0.88225487
0.886719
0.86742069
0.88345719
0.87861001
0.880958
0.83706624
0.81358998
0.86292773
0.84234625
0.81596768
0.85766912
0.89817432
0.8368121
0.89635667
0.88175593
0.85032027
0.86458404
0.8221595
0.90075484
0.87166788
0.87983861
0.83962628
0.83011261
0.85371352
0.85335835
0.86339213
0.88616566
0.87013333
0.89235514
0.80187367
0.90694911
0.81379425
0.86239435
0.86885132
0.86954155
0.82169305
0.87236074
0.84521891
0.85323317
0.86120046
0.92614642
0.8544634
0.86750251
0.86308248
0.87795472
0.85598807
0.86548381
0.9055585
0.84667505
0.86969306
0.81798693
0.8551537
0.89546508
0.91326313
0.83479593
0.83451921
0.8332729
0.81507217
0.86162191
0.82584826
0.7960814
0.87045123
0.88604598
0.83272992
0.77998001
0.85303975
0.84362831
0.86854247
0.83664248
