0.42278365
0.4712594
0.44422102
0.47139012
0.49404541
0.47775667
0.47903297
0.42105427
0.43916489
0.50477859
0.41220706
0.42268504
0.39642121
0.44896878
0.43540373
0.44667485
0.472343
0.50841429
0.51702799
0.35929421
0.45812442
0.41762671
0.47757011
0.46013949
0.47539401
0.49022357
0.38071532
0.48209453
0.39858083
0.44887473
0.46724216
0.46139521
0.50063146
0.41362608
0.49099058
0.38198752
0.43045059
0.41350126
0.42144671
0.43880811
0.45167211
0.43926877
0.47271963
0.454878
0.46532463
0.4879576
0.41377979
0.45751693
0.47048282
0.46998868
0.46821985
0.47107448
0.46174243
0.42646882
0.46085658
0.43224764
0.44400789
0.49903864
0.45179843
0.50199165
0.48803867
0.42428278
0.40932433
0.43238117
0.46757795
0.41529389
0.50048347
0.43517031
0.42110872
0.52907611
0.43844303
0.43228486
0.42947275
0.42934202
0.39916639
0.46558236
0.43407953
0.40149524
0.40460348
0.53133915
0.46349953
0.4214112
0.47611661
0.43700571
0.47951693
0.48591429
0.48962859
0.37876586
0.44264696
0.43203115
0.42597505
0.4136727
0.46978123
0.47825081
0.45183523
0.46917439
0.41436011
0.4303711
0.39858455
0.45959179
0.50744232
0.439946
0.42227699
0.45204251
0.51153891
0.43065845
0.45432868
0.45004276
0.47815117
0.47125697
0.48238149
0.44537032
0.4434665
0.4929652
0.46429867
0.47433571
0.43840317
0.53310249
0.50050219
0.44509731
0.4200662
0.43772095
0.42205644
0.46746293
0.43010119
0.39878955
0.45070323
0.43321801
0.48449304
0.38157511
0.38152131
0.50958239
0.49569334
0.44407866
0.41683237
0.46617241
0.46636549
0.43010601
0.45731997
0.46425139
0.46255832
0.46916711
0.4598543
0.48332605
0.47870224
0.46674847
0.40185576
0.44670794
0.46803318
0.41278403
0.43247137
0.50592745
0.49270821
0.42107509
0.40136721
0.40734112
0.41208644
0.42471079
0.42893684
0.42792812
0.41687566
0.45207734
0.51044577
0.45825071
0.43107988
0.45820057
0.48809115
0.43035352
0.44097459
0.45051125
0.54354323
0.39719549
0.418331
0.48314486
0.38846868
0.38899109
0.49578078
0.43577457
0.45693625
0.46877093
0.49787548
0.42823724
0.48244169
0.42327535
0.43918814
0.49420429
0.46802838
0.39022893
0.47348438
0.38721183
0.44169676
0.47447363
0.42395204
0.45661289
0.45246557
0.44471345
0.42936531
0.41438464
0.45845604
0.45104497
0.44479493
0.50792451
0.37231585
0.41026461
0.39145992
0.4766479
0.38900895
0.45272192
0.44241424
0.44727186
0.42937946
0.38868952
0.39587292
0.3880216
0.46064467
0.48032196
0.41828285
0.41819224
0.44840542
0.45600072
0.44143421
0.45260248
0.51260374
0.44560892
0.40839867
0.48145658
0.45807887
0.44800601
0.48720775
0.43953816
0.46128302
0.49440983
0.43731736
0.53020263
0.42009962
0.48885095
0.42045936
0.44674412
0.50795344
0.50745317
0.37348565
0.45557027
0.45006458
0.47672874
0.44426109
0.5103932
0.40316428
0.47027673
0.37454206
0.42386753
0.38739998
0.38846116
0.3862354
0.46665947
0.4506552
0.44008357
0.50330851
0.44688283
0.43504944
0.52714261
0.44214723
0.47433997
0.43406463
0.44173024
0.36454645
0.43352887
0.47715445
0.45642462
0.42966749
0.47114927
0.47363926
0.42173741
0.42076234
0.39900256
0.43888305
0.48312468
0.39449915
0.40398221
0.43580647
0.4316232
0.45027504
0.46417463
0.44637279
0.47407972
0.41530696
0.50671555
0.4211323
0.43519178
0.40601658
0.40391207
0.45389477
0.44078355
0.4798998
0.45344424
0.42534018
0.51139177
0.41584059
0.48191157
0.4779437
0.40412386
