1.14689438
1.12956077
1.15456604
1.10270499
1.12483075
1.11756437
1.15742264
1.13075192
1.11888086
1.09606153
1.16354064
1.16035451
1.09574055
1.15133251
1.11441216
1.11974488
1.13192942
1.13528919
1.16043547
1.15475757
1.12951204
1.14539738
1.15145923
1.15040611
1.12723406
1.14147753
1.10311588
1.14667838
1.11905614
1.14572271
1.10199071
1.12890773
1.09699796
1.16481031
1.14384766
1.11835748
1.08735253
1.15754221
1.1159261
1.11545532
1.12599031
1.15925325
1.1492049
1.13018349
1.10235902
1.1113228
1.11465821
1.14097756
1.12309709
1.14554414
1.13273526
1.13094694
1.12766225
1.10186355
1.14078936
1.12653475
1.14566648
1.13785762
1.12916529
1.12508119
1.10193626
1.12339855
1.13386033
1.12593258
1.15519056
1.13531883
1.1525429
1.13453678
1.12014737
1.15221797
1.14272145
1.13546988
1.14164229
1.13097783
1.14639199
1.14381172
1.12709538
1.14002684
1.15061289
1.10563631
1.13677596
1.13398042
1.13544327
1.15502396
1.12794985
1.13308809
1.10277769
1.11794478
1.16846237
1.14485046
1.1191045
1.1522896
1.16440311
1.12417032
1.1612423
1.12202056
1.09622361
1.12122858
1.13697148
1.13303357
1.11171173
1.12327805
1.13277314
1.15200298
1.15377639
1.11774597
1.15008382
1.14250676
1.15891661
1.14030093
1.10076499
1.1475867
1.1479351
1.08973748
1.13862466
1.10514572
1.12631143
1.10822996
1.10157958
1.14121646
1.12385733
1.12971856
1.1397347
1.13947684
1.11510643
1.16260185
1.11332175
1.14537544
1.15434516
1.13480283
1.1201813
1.13660051
1.14193006
1.16179067
1.12232451
1.1682219
1.08416575
1.1062529
1.15145536
1.1382349
1.15682277
1.12657868
1.12227756
1.15982
1.14985134
1.13470535
1.11680035
1.13174978
1.13764545
1.12286004
1.12975123
1.10610757
1.12586777
1.07396258
1.1269536
1.12901785
1.15739611
1.14203061
1.14309112
1.13670062
1.12509309
1.1580989
1.11974897
1.15464848
1.1380458
1.14702786
1.15171154
1.1415841
1.12155095
1.12820367
1.1277275
1.13126056
1.13694034
1.13976078
1.11981098
1.10332108
1.13250927
1.16446237
1.11328999
1.11900024
1.1561322
1.12895596
1.13316997
1.15464447
1.14454005
1.11181412
1.16805999
1.11678119
1.12991518
1.14726136
1.14942074
1.15155063
1.13760376
1.09148484
1.12572962
1.10714054
1.10011204
1.12481319
1.11614617
1.14558691
1.12650578
1.11906126
1.14317787
1.12710242
1.13013271
1.12233253
1.12719716
1.14470638
1.14496199
1.13660715
1.08258038
1.13546775
1.1109601
1.13544471
1.13927072
1.09269908
1.09422726
1.08394508
1.11782734
1.12507215
1.13294428
1.10805929
1.14516257
1.12595119
1.14790618
1.12690732
1.14269617
1.14923766
1.14821282
1.15337113
1.12675985
1.13382451
1.10878831
1.14335391
1.14936802
1.13030389
1.10914021
1.11911772
1.13634738
1.16413274
1.14665843
1.14375071
1.12048692
1.13967957
1.12172565
1.09305343
1.14476727
1.16338856
1.12161765
1.14800781
1.1334735
1.15821811
1.09776613
1.13762158
1.13032647
1.13202272
1.13365252
1.12688032
1.11100307
1.12541286
1.09539617
1.14864686
1.12357154
1.14589705
1.14999645
1.15586031
1.09777042
1.14359113
1.12851025
1.11019399
1.14348366
1.13705295
1.10532952
1.14403916
1.14549522
1.14030726
1.14357593
1.15066805
1.13542417
1.13716344
1.12531518
1.09710355
1.16013197
1.13994759
1.1250198
1.1452072
1.14424515
1.16009928
1.12097803
1.12035902
1.11695322
1.16128739
1.10819176
1.15005323
1.17481079
1.11918647
1.11968226
1.10577139
1.16101877
1.13935392
