0.92508471
0.90422159
0.87133143
0.89137296
0.9015864
0.93060355
0.93343854
0.94939205
0.90120377
0.91193922
0.89473625
0.951533
0.94356307
0.88987024
0.91155343
0.90499624
0.89792693
0.89964769
0.90230855
0.92485266
0.91463542
0.92636032
0.93300383
0.93364399
0.90204258
0.91602084
0.91512301
0.89025232
0.93474627
0.89837209
0.85665344
0.92136123
0.95236512
0.88333615
0.88987493
0.90208662
0.91417407
0.94712176
0.9272618
0.87765455
0.90042888
0.90488202
0.86544875
0.92404636
0.95745199
0.89324316
0.91326345
0.92957108
0.95425923
0.93903504
0.89520239
0.92082344
0.90417635
0.92239642
0.92056465
0.91433425
0.96587359
0.92525752
0.91432246
0.92940262
0.90024267
0.90057397
0.87054428
0.93641355
0.95140034
0.91659984
0.88349283
0.89575095
0.94076958
0.94290239
0.93615412
0.88738318
0.86862815
0.90599184
0.88698729
0.96020962
0.93700797
0.9035356
0.93682811
0.93340991
0.87244366
0.93200776
0.89708653
0.92551611
0.93521499
0.89898044
0.88286832
0.91504147
0.88650178
0.94293238
0.90604062
0.95338998
0.89085149
0.91293165
0.91115851
0.91986546
0.89763097
0.92296288
0.91138004
0.90956651
0.93074592
0.92818562
0.90125663
0.88532168
0.92261572
0.95578952
0.94934926
0.92539637
0.90304109
0.91194592
0.93193963
0.9572027
0.94593938
0.91101543
0.93505428
0.92911383
0.90457749
0.95794841
0.91839156
0.91148229
0.90966491
0.95638918
0.95321121
0.91150735
0.91378484
0.9285372
0.92613607
0.91863444
0.93871644
0.92272135
0.92946015
0.91380614
0.90721016
0.97171714
0.9201429
0.91390869
0.91078177
0.8886702
0.91759341
0.904687
0.93132625
0.87211643
0.93192581
0.90559927
0.95258759
0.91299424
0.90203526
0.92186386
0.96521894
0.91242601
0.94964095
0.9622696
0.93682714
0.89067888
0.9597519
0.86293729
0.88041619
0.89089476
0.9573722
0.91528586
0.9133717
0.96990176
0.87476751
0.96091758
0.93102338
0.93906427
0.93559401
0.87942816
0.86432734
0.92024438
0.92519324
0.92783112
0.94289053
0.91436328
0.94440183
0.91452207
0.91259287
0.93992571
0.90984411
0.91465568
0.94627804
0.93616875
0.89732354
0.92801528
0.93912898
0.88300045
0.90555654
0.89283186
0.911357
0.91557424
0.86755062
0.85850841
0.89946831
0.91926134
0.90817302
0.86620068
0.87679489
0.93080072
0.91997264
0.93014651
0.88564262
0.93228913
0.90182338
0.89252046
0.89695661
0.92373569
0.96753341
0.95477132
0.93379819
0.88196102
0.90456864
0.93896816
0.90810416
0.87788315
0.91458109
0.91942015
0.91836254
0.95587391
0.90641568
0.89687076
0.96425269
0.89961652
0.89823039
0.91144903
0.92396989
0.92250176
0.92679229
0.95108338
0.93002496
0.9371917
0.89777609
0.91944374
0.89814214
0.89944436
0.93231937
0.9072729
0.93254392
0.9539209
0.87479769
0.93592126
0.91770588
0.93409981
0.90986042
0.87451023
0.88971751
0.92495256
0.91124534
0.87242744
0.90171322
0.89451547
0.89654029
0.93708821
0.88541106
0.95596064
0.89861196
0.90796238
0.90482614
0.90420384
0.942175
0.92251208
0.9097559
0.93230253
0.94903001
0.91597513
0.8854001
0.89052188
0.87696244
0.89478119
0.90497843
0.90488929
0.90149693
0.92946963
0.92618447
0.92683755
0.91681633
0.91479719
0.91434905
0.95375547
0.89652958
0.9067845
0.91652957
0.94009566
0.92886099
0.92293118
0.94956725
0.90285256
0.93331546
0.92031074
0.8623065
0.95437157
0.94692687
0.88594446
0.93296834
0.90738367
0.9002348
0.94404101
0.88960554
0.91190479
0.95484386
0.92291115
