0.65367009
0.63341203
0.70110821
0.64646042
0.62853871
0.69092165
0.63478304
0.62665615
0.63406254
0.66509908
0.65808346
0.63057142
0.66373669
0.70754589
0.62209679
0.68742495
0.67897746
0.64962543
0.6610254
0.68258716
0.61792066
0.63805628
0.64010466
0.65301444
0.62082092
0.65422054
0.713017
0.68046604
0.65726598
0.67921244
0.66885304
0.69064405
0.65242925
0.65283237
0.63577455
0.65565346
0.70846575
0.69381759
0.66453209
0.70570663
0.64888906
0.67236495
0.67746391
0.6367077
0.63896953
0.67958058
0.63278188
0.64705666
0.69525349
0.64273229
0.65317475
0.68761191
0.61029987
0.65806826
0.64423132
0.65375206
0.64679639
0.67485683
0.7025618
0.60289142
0.63006968
0.66137466
0.70527642
0.67385041
0.62520249
0.69299793
0.67576822
0.66364062
0.58712277
0.63692005
0.67531528
0.68143041
0.6942654
0.69465075
0.61916665
0.66938812
0.69168052
0.68073844
0.70932929
0.67082036
0.67312329
0.72538383
0.6682555
0.65702598
0.63241783
0.68199152
0.63290436
0.67536189
0.69280789
0.68743843
0.67610553
0.67786348
0.70419116
0.68804877
0.69011546
0.66012927
0.68027748
0.66315602
0.67026623
0.63438262
0.64936184
0.65526935
0.67949478
0.6912894
0.67766879
0.67618369
0.68570674
0.6465591
0.68766161
0.63907573
0.65816386
0.65261932
0.6643395
0.6563722
0.63047674
0.64017784
0.66963078
0.6684081
0.64532069
0.6559554
0.69089389
0.64246029
0.69195013
0.67956774
0.6443892
0.65760266
0.65248157
0.61805306
0.66461691
0.64529966
0.69021841
0.64487863
0.66777651
0.63559428
0.68971756
0.70259602
0.64306636
0.65169242
0.67242567
0.68199202
0.6407372
0.6849052
0.63227057
0.63700708
0.67425789
0.65143906
0.68069341
0.6573147
0.6327835
0.70027367
0.66572483
0.6601965
0.68241764
0.67555393
0.69021427
0.66937266
0.68022508
0.672377
0.6901281
0.64830755
0.65217927
0.6621479
0.68758216
0.6552132
0.63875453
0.68899171
0.69512466
0.60995677
0.65752442
0.63203986
0.69875261
0.66893608
0.68121185
0.6692913
0.66564111
0.66214886
0.67537776
0.63130186
0.69683152
0.64982475
0.66135524
0.66200272
0.67445614
0.67294552
0.63697122
0.65856714
0.68500859
0.65155964
0.71835665
0.6507069
0.65331881
0.68768081
0.69063194
0.65768968
0.66800164
0.65490459
0.6659507
0.66484564
0.6498578
0.66001465
0.70818804
0.66667238
0.68238861
0.6217496
0.63851652
0.66868214
0.68370032
0.69785273
0.66295841
0.67188713
0.64098349
0.66483234
0.6517525
0.63552594
0.60609686
0.58834841
0.67138119
0.69041961
0.63856406
0.65903166
0.67484116
0.66876813
0.66270703
0.65357897
0.68344726
0.66371758
0.60442652
0.65611276
0.63814731
0.72668462
0.7417685
0.66763921
0.6551746
0.69369842
0.62706143
0.67665812
0.67984825
0.64527556
0.6254087
0.66277899
0.63429149
0.64082729
0.64918876
0.61532085
0.69435958
0.64689648
0.64896444
0.61345087
0.66006742
0.69045637
0.72361252
0.62960489
0.61802237
0.64345874
0.6559611
0.68055346
0.68839193
0.6393877
0.65686207
0.64074808
0.68547219
0.66116562
0.63773034
0.68077035
0.62664548
0.64940281
0.66977359
0.66862846
0.6894478
0.67520182
0.64184652
0.63874208
0.63489038
0.59751084
0.67439159
0.66608119
0.66693536
0.66343716
0.67999815
0.646838
0.65634772
0.6528134
0.64237402
0.6540932
0.69413095
0.68039548
0.65801616
0.6193412
0.67036391
0.6416587
0.61276227
0.6231077
0.63581686
0.68785175
0.65146055
0.70426682
0.70874618
0.66333877
0.63965875
0.68131714
