0.90119159
0.91267485
0.87980531
0.95240303
0.90004061
0.94183965
0.95575995
0.89593833
0.93072781
0.94859564
0.96281103
0.95564897
0.94193943
0.93119569
0.96924512
0.92246542
0.91501063
0.92966401
0.90232469
0.87399869
0.87290748
0.91179298
0.93384023
0.92299316
0.91441276
0.90515323
0.94031465
0.9152046
0.93092222
0.92104662
0.98455488
0.91113605
0.92681492
0.961131
0.91767063
0.88996227
0.93845869
0.91078704
0.92956776
0.9327172
0.92490917
0.90048431
0.93381874
0.89680228
0.95461792
0.91616764
0.94019295
0.91882884
0.91677289
0.87764292
0.91407013
0.90213479
0.89532352
0.93336678
0.89455022
0.87482611
0.90990911
0.89052163
0.91514126
0.89631691
0.91464828
0.92645235
0.89134022
0.94005688
0.9383249
0.94273544
0.93538817
0.93356439
0.95225341
0.92347903
0.95972122
0.94348513
0.92761759
0.9226268
0.9126048
0.91048103
0.94988312
0.94978785
0.89803824
0.8778827
0.91367474
0.93885838
0.92355193
0.91830173
0.87589351
0.88956668
0.92921462
0.93811484
0.90725004
0.8984746
0.89126011
0.91743467
0.94501504
0.90276483
0.93092826
0.91383116
0.88726546
0.87528506
0.91840343
0.93692626
0.91798903
0.89991739
0.94594862
0.87039221
0.90782435
0.94443873
0.91645674
0.90705012
0.93790908
0.93873844
0.90676201
0.95191766
0.92626152
0.88311717
0.91516211
0.91963501
0.91385802
0.94642297
0.91430575
0.9451839
0.93237877
0.88441544
0.92798755
0.9156334
0.89856452
0.94457681
0.89675386
0.89988083
0.95117749
0.95155422
0.93425319
0.90664291
0.94969481
0.88255291
0.93193431
0.93079808
0.89819465
0.8834522
0.90321664
0.93490977
0.92895622
0.8745215
0.90618012
0.92516247
0.87678648
0.93784358
0.90886134
0.93434216
0.93112119
0.89976528
0.93416567
0.91727895
0.95083187
0.89168431
0.93065723
0.9233986
0.92262411
0.93005461
0.91885626
0.94257609
0.91691311
0.91836008
0.90444013
0.91278989
0.927425
0.92724081
0.90304749
0.89503577
0.89577932
0.90761635
0.92937915
0.90156112
0.95074071
0.91568041
0.91933039
0.92577705
0.93463394
0.97005552
0.89819166
0.93785622
0.92111929
0.91025104
0.94170397
0.92742347
0.88315411
0.93881723
0.91130438
0.89231371
0.90768831
0.92636143
0.89455984
0.89963339
0.9630083
0.89524049
0.92742725
0.94152433
0.93477592
0.89496852
0.95960983
0.93766639
0.93665171
0.93581049
0.89950536
0.91179803
0.92725586
0.93161437
0.93328961
0.93613613
0.92971976
0.92786018
0.91598839
0.91645395
0.94304465
0.93362439
0.87905273
0.9114278
0.92099446
0.91800501
0.93081746
0.94477597
0.92338272
0.93027656
0.88887118
0.91805094
0.91533112
0.89660134
0.91491412
0.90111262
0.90920957
0.92155547
0.91652066
0.9245979
0.92353022
0.92405518
0.94814365
0.91654125
0.94848566
0.96268882
0.92913573
0.90765191
0.9109876
0.88289459
0.92556014
0.9120492
0.95469589
0.88825573
0.92815528
0.8865879
0.95778713
0.94773805
0.94206216
0.89596907
0.93177918
0.90295846
0.91218382
0.91122211
0.91591545
0.93026368
0.94975984
0.87980611
0.90999917
0.97643803
0.91607625
0.91629142
0.94243366
0.90669909
0.89734304
0.94367823
0.88212729
0.92795675
0.91810439
0.92812813
0.89802799
0.88730856
0.92415007
0.93104165
0.90016561
0.94096307
0.92320253
0.9220479
0.9310364
0.93440892
0.98684847
0.89293437
0.90500879
0.97507076
0.93452594
0.90629737
0.92618852
0.92414735
0.9074712
0.91547581
0.92559762
0.88897182
0.89695882
0.93352318
0.88687453
0.87967946
0.91197652
0.92005851
