0.81339775
0.81500238
0.80697144
0.73025309
0.77542489
0.79873609
0.76847267
0.73859008
0.77844155
0.7581721
0.79529445
0.80530102
0.78461478
0.71332303
0.75672316
0.79993511
0.81794183
0.71616824
0.77441443
0.7810386
0.78164728
0.79445852
0.79122585
0.78653211
0.78411044
0.76357995
0.80069243
0.78394443
0.8143465
0.75896478
0.75868514
0.78448898
0.76291822
0.78525004
0.78482394
0.72503985
0.80089032
0.78224297
0.78310276
0.81577224
0.77992076
0.76893809
0.73097549
0.79737294
0.77931242
0.78829829
0.75295437
0.77612498
0.79526916
0.76193763
0.78231226
0.76604101
0.78481063
0.73362882
0.81846293
0.77141138
0.80984555
0.7785376
0.77925474
0.7424633
0.75505453
0.76951173
0.74790145
0.74763509
0.76190687
0.80378251
0.78810936
0.7927595
0.79826902
0.78009224
0.77698347
0.75216348
0.76518031
0.78859492
0.78109099
0.78013628
0.80873388
0.79022734
0.80153573
0.83932073
0.76633542
0.77379006
0.79878834
0.786081
0.78677111
0.79453322
0.79666737
0.80425109
0.77637117
0.8196999
0.77708546
0.76948283
0.81226282
0.82386387
0.81156081
0.71195049
0.81126009
0.80146407
0.77977303
0.75200835
0.76598278
0.83935845
0.78459031
0.80749184
0.76398208
0.74460032
0.76377144
0.8344485
0.76918454
0.75829046
0.7937604
0.77069262
0.77740821
0.75538366
0.82922142
0.76246467
0.78870859
0.81494728
0.77877867
0.80928652
0.83036233
0.76054007
0.76652683
0.775354
0.79122252
0.8051259
0.77794497
0.75851058
0.77837227
0.7781644
0.76551412
0.75841006
0.72925693
0.75691248
0.75525478
0.80970739
0.74536668
0.80367864
0.79502485
0.76338467
0.73219329
0.7789614
0.80850799
0.78756114
0.78863596
0.75548339
0.7693012
0.77454423
0.76646135
0.73363993
0.78935989
0.77791756
0.73510807
0.74563219
0.76602537
0.82202935
0.78214416
0.76746242
0.80919067
0.78983125
0.79373358
0.78719023
0.76235785
0.81485318
0.80756364
0.78145633
0.81731291
0.79364893
0.78749963
0.7153967
0.82074398
0.76889916
0.78285777
0.79751562
0.80652241
0.76932687
0.78783714
0.76512477
0.7741777
0.78475646
0.79887838
0.77133146
0.82563559
0.77674532
0.80523471
0.7633922
0.75418571
0.71950863
0.76134394
0.7953055
0.75503615
0.80318559
0.78786635
0.80647999
0.80846051
0.7737009
0.73571578
0.80445579
0.70509774
0.80857407
0.82655547
0.78544692
0.78982088
0.7933988
0.75752684
0.75436337
0.77668424
0.8314098
0.75923323
0.71695897
0.75032783
0.83164876
0.81188117
0.79948429
0.79651904
0.7864039
0.7507092
0.7852398
0.78994133
0.74854248
0.75317043
0.71046838
0.79384125
0.82081956
0.81838493
0.7916294
0.78993498
0.78000682
0.77888369
0.78512691
0.7724471
0.76310821
0.78313274
0.80336586
0.75614244
0.81346004
0.78769453
0.78125521
0.79912065
0.74061883
0.72505615
0.7946633
0.80667386
0.77610648
0.78826208
0.80582526
0.76135894
0.75318268
0.76424533
0.73763583
0.75437118
0.79584434
0.81066637
0.77474687
0.77778036
0.75634596
0.77547674
0.78854121
0.77370121
0.81732925
0.7836852
0.80157531
0.76384467
0.77236729
0.81515793
0.7541377
0.79119859
0.75862313
0.75882778
0.79715367
0.7958597
0.78440494
0.78766353
0.75276584
0.79449182
0.78663154
0.73259021
0.79700282
0.76497083
0.76231368
0.75246724
0.7551428
0.78101338
0.76110101
0.78182562
0.77963411
0.72618678
0.7943293
0.79296399
0.79018247
0.8019997
0.76507383
0.79331529
0.75520763
0.79107193
0.75758363
0.80717928
0.79654727
0.78701311
0.77805591
